Ant1 1 3 1 [(3, 2)] [(3, 2)] (3, 2) False GET SOUTH
Ant2 1 6 1 [] [(18, 18)] () False SOUTHWEST
Ant3 1 10 1 [] [(18, 18)] () False SOUTHEAST
Ant4 1 13 1 [(14, 2)] [(14, 2)] (14, 2) False GET SOUTHEAST
Ant5 1 16 1 [] [(18, 18)] () False SOUTH
Ant5 2 16 2 [] [(18, 18)] () False SOUTH
Ant4 2 13 1 [(14, 2)] [(9, 1)] () True WEST
Ant1 2 3 1 [(3, 2)] [(9, 1)] () True SOUTHEAST
 False GET SOUTHWEST
Ant2 2 5 2 [] [(18, 18)] () False SOUTH
Ant1 3 4 2 [(3, 2), (14, 2), (12, 3)] [(9, 1)] () True NORTHEAST
Ant2 3 5 3 [(3, 2), (5, 4), (14, 2), (12, 3)] [(3, 2)] (3, 2) False WEST
Ant5 3 16 3 [(3, 2), (14, 2), (12, 3)] [(3, 2)] (3, 2) False SOUTHWEST
Ant4 3 12 1 [(14, 2), (3, 2), (12, 3)] [(9, 1)] () True WEST
Ant3 3 11 2 [(3, 2), (14, 2), (12, 3), (10, 3)] [(9, 1)] () True NORTHWEST
Ant5 4 15 4 [(5, 4), (3, 2), (12, 3), (10, 3), (14, 2)] [(3, 2)] (3, 2) FalAnt2 4 4 3 [(5, 4), (14, 2), (12, 3), (10, 3), (3, 2)] [(3, 2)] (3, 2) False GET NORTHWEST
Ant3 4 10 1 [(5, 4), (14, 2), (12, 3), (10, 3)] [(9, 1)] () True DROP WEST
Ant4 4 11 1 [(5, 4), (12, 3), (10, 3), (14, 2)] [(9, 1)] () True SOUTHWEST
Ant1 5 6 2 [(5, 4), (14, 2), (12, 3), (10, 3)] [(9, 1)] () True EAST
Ant4 5 10 2 [(9, 3), (5, 4), (12, 3), (10, 3), (14, 2)] [(9, 1)] () True DROP NORTHWEST
Ant2 5 4 3 [(5, 4), (14, 2), (12, 3), (10, 3)] [(9, 1)] () True EAST
Ant3 5 10 1 [(5, 4), (14, 2), (12, 3), (10, 3)] [(5, 4)] (5, 4) False WEST
Ant5 5 14 4 [(5, 4), (14, 2), (12, 3), (10, 3)] [(12, 3)] (12, 3) False NORTHWEST
Ant3 6 9 1 [(9, 3), (5, 4), (10, 3), (14, 2)] [(5, 4)] (5, 4) False SOUTHWEST
Ant1 6 7 2 [(9, 3), (5, 4), (10, 3), (14, 2)] [(9, 1)] () True NORTHEAST

Ant5 6 13 3 [(9, 3), (5, 4), (12, 3), (10, 3), (14, 2)] [(12, 3)] (12, 3) False GET WEST
Ant2 7 6 4 [(6, 5), (9, 3), (5, 4), (10, 3), (14, 2)] [(9, 1)] () True NORTHEAST
Ant3 7 8 2 [(5, 4), (14, 2), (9, 3), (10, 3)] [(5, 4)] (5, 4) False WEST
Ant5 7 13 3 [(14, 2), (9, 3), (12, 3), (10, 3)] [(9, 1)] () True NORTHWEST
Ant4 7 9 2 [(5, 4), (14, 2), (9, 3), (10, 3)] [(5, 4)] (5, 4) False SOUTHWEST
Ant1 7 8 1 [(9, 3), (5, 4), (10, 3), (14, 2)] [(9, 1)] () True DROP EAST
Ant1 8 8 1 [(9, 3), (6, 5), (12, 3), (10, 3), (14, 2)] [(6, 5)] (6, 5) False SOUTH
Ant3 8 7 2 [(6, 5), (9, 3), (12, 3), (10, 3), (14, 2)] [(9, 3)] (9, 3) False EAST
Ant2 8 7 3 [(8, 4), (9, 3), (6, 5), (12, 3), (10, 3), (14, 2)] [(9, 1)] () True NORTHEAST
Ant4 8 8 3 [(8, 4), (6, 5), (9, 3), (12, 3), (10, 3), (14, 2)] [(14, 2)] (14, 2) False NORTHEAST
Ant5 8 12 2 [(6, 5), (9, 3), (12, 3), (10, 3), (14, 2)] [(9, 1)] () True NORTHWEST
Ant3 9 7 2 [(8, 4), (9, 3), (6, 5), (12, 3), (10, 3), (14, 2)] [(9, 3)] (9, 3) False SOUTHEAST
Ant4 9 9 2 [(8, 4), (6, 5), (9, 3), (12, 3), (10, 3), (14, 2)] [(14, 2)] (14, 2) False SOUTHEAST
Ant5 9 11 1 [(8, 4), (6, 5), (9, 3), (12, 3), (10, 3)] [(9, 1)] () True SOUTHWEST
THEAST
Ant1 10 8 1 [(8, 4), (9, 3), (6, 5), (12, 3), (10, 3)] [(6, 5)] (6, 5) False SOUTHEAST
Ant2 10 7 3 [(8, 4), (6, 5), (9, 3), (12, 3), (10, 3)] [(9, 1)] () True NORTHEAST
Ant5 10 10 2 [(8, 4), (9, 3), (6, 5), (12, 3), (10, 3)] [(9, 1)] () True DROP NORTHWEST
Ant3 10 8 3 [(8, 4), (9, 3), (6, 5), (12, 3), (10, 3)] [(9, 3)] (9, 3) False GET EAST
Ant4 10 10 3 [(8, 4), (9, 3), (6, 5), (12, 3), (10, 3), (14, 2)] [(14, 2)] (14, 2) False SOUTHEAST
Ant2 11 8 2 [(8, 4), (9, 3), (6, 5), (12, 3), (10, 3)] [(9, 1)] () True DROP NORTHEAST
Ant3 11 8 3 [(8, 4), (6, 5), (9, 3), (12, 3), (10, 3)] [(9, 1)] () True EAST
Ant1 11 9 2 [(8, 4), (6, 5), (9, 3), (12, 3), (10, 3)] [(6, 5)] (6, 5) False SOUTH
Ant5 11 10 2 [(8, 4), (9, 3), (6, 5), (12, 3), (10, 3)] [(9, 3)] (9, 3) False GET SOUTHWEST
Ant4 11 11 4 [(10, 5), (8, 4), (9, 3), (6, 5), (12, 3), (11, 5), (10, 3), (12, 5), (14, 2)] [(14, 2)] (14, 2) False NORTHEAST
Ant1 12 9 2 [(10, 5), (8, 4), (9, 3), (6, 5), (12, 3), (11, 5), (10, 3), (12, 5)] [(6, 5)] (6, 5) False SOUTH
Ant3 12 8 3 [(10, 5), (8, 4), (9, 3), (6, 5), (12, 3), (11, 5), (10, 3), (12, 5)] [(9, 1)] () True NORTHWEST
Ant4 12 12 3 [(10, 5), (8, 4), (6, 5), (12, 3), (11, 5), (10, 3), (12, 5), (14, 2)] [(14, 2)] (14, 2) False NORTHEAST
Ant5 12 10 2 [(10, 5), (8, 4), (6, 5), (9, 3), (12, 3), (11, 5), (10, 3), (12, 5)] [(9, 1)] () True DROP NORTHWEST
Ant4 13 13 2 [(10, 5), (8, 4), (9, 3), (6, 5), (12, 3), (11, 5), (10, 3), (12, 5), (14, 2)] [(14, 2)] (14, 2) False GET EAST
Ant5 13 10 2 [(10, 5), (8, 4), (9, 3), (6, 5), (12, 3), (11, 5), (10, 3), (12, 5)] [(6, 5)] (6, 5) False SOUTHWEST
Ant2 13 8 2 [(10, 5), (8, 4), (6, 5), (9, 3), (12, 3), (11, 5), (10, 3), (12, 5)] [(10, 3)] (10, 3) False SOUTHEAST
Ant1 13 9 2 [(10, 5), (8, 4), (9, 3), (6, 5), (12, 3), (11, 5), (10, 3), (12, 5)] [(6, 5)] (6, 5) False SOUTHWEST
Ant3 13 7 2 [(10, 5), (8, 4), (9, 3), (6, 5), (12, 3), (11, 5), (10, 3), (12, 5)] [(9, 1)] () True NORTHEAST
Ant5 14 10 2 [(10, 5), (8, 4), (9, 3), (6, 5), (12, 3), (11, 5), (10, 3), (12, 5)] [(8, 4)] (8, 4) False SOUTHWEST
Ant2 14 8 2 [(10, 5), (8, 4), (9, 3), (12, 3), (11, 5), (10, 3), (12, 5)] [(10, 3)] (10, 3) False EAST
Ant1 14 8 3 [(10, 5), (8, 4), (9, 3), (12, 3), (11, 5), (10, 3), (12, 5)] [(10, 3)] (10, 3) False EAST
Ant3 14 8 1 [(10, 5), (8, 4), (9, 3), (12, 3), (11, 5), (10, 3), (12, 5)] [(9, 1)] () True DROP EAST
Ant4 14 13 2 [(10, 5), (8, 4), (9, 3), (12, 3), (11, 5), (10, 3), (12, 5), (14, 2)] [(9, 1)] () True WEST
Ant1 15 8 3 [(10, 5), (8, 4), (9, 3), (6, 5), (12, 3), (11, 5), (10, 3), (12, 5), (14, 2)] [(10, 3)] (10, 3) False EAST
Ant3 15 8 1 [(10, 5), (9, 3), (6, 5), (12, 3), (11, 5), (10, 3), (12, 5), (14, 2)] [(14, 2)] (14, 2) False EAST
Ant5 15 10 2 [(10, 5), (8, 4), (9, 3), (6, 5), (12, 3), (11, 5), (10, 3), (12, 5), (14, 2)] [(12, 5)] (12, 5) False SOUTH
Ant4 15 12 2 [(10, 5), (6, 5), (9, 3), (12, 3), (11, 5), (10, 3), (12, 5), (14, 2)] [(9, 1)] () True NORTHWEST
Ant1 16 9 3 [(10, 5), (8, 4), (6, 5), (9, 3), (12, 3), (11, 5), (10, 3), (14, 2)] [(10, 3)] (10, 3) False SOUTHEAST
Ant2 16 9 2 [(10, 5), (8, 4), (9, 3), (6, 5), (12, 3), (11, 5), (10, 3), (14, 2)] [(9, 1)] () True EAST
Ant3 16 9 1 [(10, 5), (8, 4), (9, 3), (6, 5), (12, 3), (11, 5), (10, 3), (14, 2)] [(14, 2)] (14, 2) False EAST
Ant4 16 11 1 [(10, 5), (8, 4), (6, 5), (9, 3), (12, 3), (11, 5), (10, 3), (14, 2)] [(9, 1)] () True SOUTHWEST
Ant5 16 10 3 [(10, 5), (8, 4), (9, 3), (6, 5), (12, 3), (11, 5), (10, 3), (12, 5), (14, 2)] [(12, 5)] (12, 5) False SOUTHEAST
Ant3 17 10 1 [(10, 5), (8, 4), (9, 3), (6, 5), (12, 3), (11, 5), (10, 3), (14, 2)] [(14, 2)] (14, 2) False SOUTHEAST
Ant5 17 11 4 [(10, 5), (8, 4), (6, 5), (9, 3), (12, 3), (11, 5), (10, 3), (12, 5), (14, 2)] [(12, 5)] (12, 5) False GET SOUTHEAST
Ant2 17 9 2 [(10, 5), (8, 4), (9, 3), (6, 5), (12, 3), (11, 5), (10, 3), (14, 2)] [(9, 1)] () True DROP NORTH
Ant1 18 10 4 [(10, 5), (8, 4), (6, 5), (9, 3), (12, 3), (11, 5), (10, 3), (14, 2)] [(9, 1)] () True NORTH
Ant5 18 11 4 [(10, 5), (8, 4), (9, 3), (6, 5), (12, 3), (11, 5), (10, 3), (12, 5), (14, 2)] [(9, 1)] () True NORTHWEST
Ant4 18 10 2 [(10, 5), (8, 4), (6, 5), (9, 3), (12, 3), (11, 5), (10, 3), (14, 2)] [(9, 1)] () True DROP NORTHWEST
Ant2 18 9 2 [(10, 5), (8, 4), (9, 3), (6, 5), (12, 3), (11, 5), (10, 3), (14, 2)] [(10, 3)] (10, 3) False GET SOUTHEAST
Ant3 18 11 2 [(10, 5), (8, 4), (9, 3), (6, 5), (12, 3), (11, 5), (10, 3), (14, 2)] [(14, 2)] (14, 2) False NORTHEAST
Ant2 19 9 2 [(10, 5), (8, 4), (6, 5), (9, 3), (12, 3), (11, 5), (12, 5), (14, 2)] [(9, 1)] () True DROP NORTH
Ant3 19 12 1 [(10, 5), (8, 4), (9, 3), (6, 5), (12, 3), (11, 5), (10, 3), (12, 5), (14, 2)] [(14, 2)] (14, 2) False EAST
Ant4 19 10 2 [(10, 5), (8, 4), (9, 3), (6, 5), (12, 3), (11, 5), (12, 5), (14, 2)] [(6, 5)] (6, 5) False SOUTHWEST
Ant1 20 10 4 [(10, 5), (8, 4), (6, 5), (9, 3), (12, 3), (11, 5), (12, 5), (14, 2)] [(9, 1)] () True NORTH
Ant2 20 9 2 [(10, 5), (8, 4), (6, 5), (9, 3), (12, 3), (11, 5), (12, 5), (14, 2)] [(8, 4)] (8, 4) False SOUTH
Ant4 20 10 2 [(10, 5), (8, 4), (6, 5), (9, 3), (12, 3), (11, 5), (12, 5), (14, 2)] [(6, 5)] (6, 5) False SOUTHWEST
Ant3 20 13 1 [(10, 5), (8, 4), (6, 5), (9, 3), (12, 3), (11, 5), (10, 3), (12, 5), (14, 2)] [(14, 2)] (14, 2) False GET SOUTHEAST
Ant5 20 11 3 [(10, 5), (8, 4), (9, 3), (12, 3), (11, 5), (12, 5), (14, 2)] [(9, 1)] () True WEST
Ant2 21 9 2 [(10, 5), (8, 4), (9, 3), (12, 3), (11, 5), (12, 5), (14, 2)] [(14, 2)] (14, 2) False SOUTHEAST
HWEST
Ant1 21 10 4 [(10, 5), (8, 4), (9, 3), (12, 3), (11, 5), (12, 5), (14, 2)] [(8, 4)] (8, 4) True SOUTHWEST
Ant3 21 13 1 [(10, 5), (8, 4), (9, 3), (12, 3), (11, 5), (10, 3), (12, 5), (14, 2)] [(9, 1)] () True SOUTHWEST
Ant1 22 9 5 [(10, 5), (8, 4), (9, 3), (9, 6), (12, 3), (11, 5), (10, 3), (12, 5), (14, 2)] [(9, 1)] () True NORTHWEST
Ant5 22 11 2 [(10, 5), (8, 4), (9, 3), (12, 3), (11, 5), (10, 3), (12, 5), (14, 2)] [(9, 1)] () True NORTHWEST

Ant3 22 12 2 [(10, 5), (8, 4), (9, 3), (12, 3), (11, 5), (10, 3), (12, 5), (14, 2)] [(9, 1)] () True SOUTHWEST
Ant4 22 9 3 [(10, 5), (8, 4), (6, 5), (9, 3), (12, 3), (11, 5), (10, 3), (12, 5), (14, 2)] [(6, 5)] (6, 5) False WEST
Ant1 23 8 4 [(10, 5), (8, 4), (9, 3), (9, 6), (12, 3), (11, 5), (10, 3), (12, 5), (14, 2)] [(9, 1)] () True NORTHEAST
Ant2 23 10 3 [(10, 5), (8, 4), (9, 3), (9, 6), (12, 3), (11, 5), (10, 3), (12, 5), (14, 2)] [(14, 2)] (14, 2) False SOUTHEAST
Ant4 23 8 3 [(10, 5), (8, 4), (9, 3), (6, 5), (9, 6), (12, 3), (11, 5), (10, 3), (12, 5), (14, 2)] [(6, 5)] (6, 5) False SOUTHWEST
Ant3 23 12 2 [(10, 5), (8, 4), (9, 3), (9, 6), (12, 3), (11, 5), (10, 3), (12, 5), (14, 2)] [(9, 1)] () True SOUTHWEST
Ant1 24 9 3 [(10, 5), (8, 4), (9, 3), (9, 6), (12, 3), (11, 5), (12, 5), (14, 2)] [(9, 1)] () True NORTH
Ant3 24 11 3 [(10, 5), (8, 4), (9, 3), (9, 6), (12, 3), (11, 5), (12, 5), (14, 2)] [(9, 1)] () True NORTHWEST
Ant2 24 11 4 [(10, 5), (8, 4), (9, 3), (9, 6), (12, 3), (11, 5), (12, 5), (14, 2)] [(14, 2)] (14, 2) False EAST
Ant5 24 10 1 [(10, 5), (8, 4), (9, 3), (9, 6), (12, 3), (11, 5), (10, 3), (12, 5), (14, 2)] [(14, 2)] (14, 2) False SOUTHEAST
Ant4 24 7 4 [(10, 5), (8, 4), (9, 3), (6, 5), (9, 6), (12, 3), (11, 5), (10, 3), (12, 5), (14, 2)] [(6, 5)] (6, 5) False GET SOUTHWEST
Ant2 25 12 4 [(10, 5), (8, 4), (9, 3), (9, 6), (12, 3), (11, 5), (10, 3), (12, 5)] [(10, 3)] (10, 3) FAnt5 25 11 2 [(10, 5), (8, 4), (9, 3), (9, 6), (12, 3), (11, 5), (12, 5), (14, 2)] [(14, 2)] (14, 2) False SOUTHEAST
Ant3 25 10 2 [(10, 5), (8, 4), (9, 3), (9, 6), (12, 3), (11, 5), (12, 5)] [(9, 1)] () True DROP NORTHWEST
NORTHEAST
Ant5 26 12 3 [(10, 5), (8, 4), (9, 3), (6, 5), (9, 6), (12, 3), (11, 5), (10, 3), (12, 5), (14, 2)] [(14, 2)] (14, 2) False NORTHEAST
Ant2 26 11 4 [(10, 5), (8, 4), (9, 3), (6, 5), (9, 6), (12, 3), (11, 5), (12, 5)] [(11, 5)] (11, 5) False GET SOUTH
Ant1 26 9 2 [(10, 5), (8, 4), (9, 3), (6, 5), (9, 6), (12, 3), (11, 5), (12, 5)] [(12, 3)] (12, 3) False SOUTHEAST
Ant4 26 8 3 [(10, 5), (8, 4), (9, 3), (6, 5), (9, 6), (12, 3), (11, 5), (12, 5)] [(9, 1)] () True NORTH
Ant3 26 10 2 [(10, 5), (8, 4), (9, 3), (6, 5), (9, 6), (12, 3), (11, 5), (12, 5)] [(12, 5)] (12, 5) False SOUTH
Ant2 27 11 4 [(10, 5), (8, 4), (9, 3), (6, 5), (9, 6), (12, 3), (11, 5), (12, 5)] [(9, 1)] () True NORTH
Ant5 27 13 2 [(10, 5), (8, 4), (9, 3), (6, 5), (9, 6), (12, 3), (11, 5), (10, 3), (12, 5), (14, 2)] [(14, 2)] (14, 2) False GET EAST
Ant1 27 9 2 [(10, 5), (8, 4), (6, 5), (9, 3), (9, 6), (12, 3), (11, 5), (12, 5)] [(12, 3)] (12, 3) False NORTHEAST
Ant4 27 8 2 [(10, 5), (8, 4), (6, 5), (9, 3), (9, 6), (12, 3), (11, 5), (10, 3), (12, 5)] [(9, 1)] () True DROP NORTHEAST
Ant3 28 10 2 [(10, 5), (8, 4), (9, 3), (6, 5), (9, 6), (12, 3), (11, 5), (12, 5)] [(12, 5)] (12, 5) False SOUTHEAST
Ant5 28 13 2 [(10, 5), (8, 4), (9, 3), (6, 5), (9, 6), (12, 3), (11, 5), (10, 3), (12, 5), (14, 2)] [(9, 1)] () True WEST
Ant4 28 8 2 [(10, 5), (8, 4), (9, 3), (6, 5), (9, 6), (12, 3), (11, 5), (10, 3), (12, 5)] [(10, 3)] (10, 3) False SOUTHEAST
Ant1 28 10 1 [(10, 5), (8, 4), (6, 5), (9, 3), (9, 6), (12, 3), (11, 5), (10, 3), (12, 5)] [(12, 3)] (12, 3) False SOUTHEAST
Ant2 28 11 4 [(10, 5), (8, 4), (9, 3), (6, 5), (9, 6), (12, 3), (11, 5), (12, 5)] [(9, 1)] () True NORTH
Ant5 29 12 2 [(10, 5), (8, 4), (6, 5), (9, 3), (9, 6), (12, 3), (11, 5), (12, 5), (14, 2)] [(9, 1)] () True SOUTHWEST
SOUTHEAST
Ant2 29 11 4 [(10, 5), (8, 4), (9, 3), (6, 5), (9, 6), (12, 3), (11, 5), (12, 5), (14, 2)] [(9, 1)] () True NORTHWEST
H
Ant1 30 11 2 [(10, 5), (8, 4), (6, 5), (9, 3), (9, 6), (12, 3), (11, 5), (12, 5), (14, 2)] [(9, 1)] () True NORTHWEST
Ant4 30 9 3 [(10, 5), (8, 4), (9, 3), (6, 5), (9, 6), (12, 3), (11, 5), (12, 5), (14, 2)] [(12, 5)] (12, 5) False SOUTHEAST
Ant2 30 11 4 [(10, 5), (8, 4), (9, 3), (6, 5), (9, 6), (12, 3), (11, 5), (12, 5), (14, 2)] [(11, 5)] (11, 5) True DROP SOUTH
Ant3 30 10 2 [(10, 5), (8, 4), (9, 3), (6, 5), (9, 6), (12, 3), (11, 5), (12, 5), (14, 2)] [(9, 3)] (9, 3) False GET SOUTHWEST
Ant5 30 11 3 [(10, 5), (8, 4), (9, 3), (6, 5), (9, 6), (12, 3), (11, 5), (14, 2)] [(9, 1)] () True WEST
Ant2 31 11 4 [(10, 5), (8, 4), (9, 3), (6, 5), (9, 6), (12, 3), (11, 5), (12, 5), (14, 2)] [(11, 5)] (11, 5) False GET SOUTH
Ant1 31 10 1 [(10, 5), (8, 4), (9, 3), (6, 5), (9, 6), (12, 3), (11, 5), (14, 2)] [(9, 1)] () True DROP WEST
Ant4 31 10 4 [(10, 5), (8, 4), (9, 3), (6, 5), (9, 6), (12, 3), (11, 5), (12, 5), (14, 2)] [(12, 5)] (12, 5) False SOUTHEAST
Ant5 31 10 3 [(10, 5), (8, 4), (9, 3), (6, 5), (9, 6), (12, 3), (11, 5), (14, 2)] [(9, 1)] () True NORTHWEST
Ant3 31 10 2 [(10, 5), (8, 4), (6, 5), (9, 3), (9, 6), (12, 3), (11, 5), (14, 2)] [(9, 1)] () True DROP NORTHWEST
Ant2 32 11 4 [(10, 5), (8, 4), (6, 5), (9, 3), (9, 6), (12, 3), (11, 5), (12, 5), (14, 2)] [(6, 5)] (6, 5) True NORTHWEST
Ant5 32 9 2 [(10, 5), (8, 4), (6, 5), (9, 3), (9, 6), (12, 3), (11, 5), (14, 2)] [(9, 1)] () True DROP NORTH
Ant4 32 11 5 [(10, 5), (8, 4), (9, 3), (6, 5), (9, 6), (12, 3), (11, 5), (12, 5), (14, 2)] [(12, 5)] (12, 5) False GET EAST
Ant2 33 10 3 [(10, 5), (8, 4), (6, 5), (9, 3), (9, 6), (12, 3), (11, 5), (14, 2)] [(9, 1)] () True NORTH
Ant1 33 9 1 [(10, 5), (8, 4), (9, 3), (6, 5), (9, 6), (12, 3), (11, 5), (14, 2)] [(8, 4)] (8, 4) False SOUTHWEST
Ant3 33 9 3 [(10, 5), (8, 4), (9, 3), (6, 5), (9, 6), (12, 3), (11, 5), (14, 2)] [(8, 4)] (8, 4) False GET SOUTHWEST
Ant4 33 11 5 [(10, 5), (8, 4), (6, 5), (9, 3), (9, 6), (12, 3), (11, 5), (12, 5), (14, 2)] [(9, 1)] () True NORTHEAST
Ant5 33 9 2 [(10, 5), (8, 4), (6, 5), (9, 3), (9, 6), (12, 3), (11, 5), (14, 2)] [(10, 5)] (10, 5) False WEST
Ant4 34 12 4 [(8, 4), (9, 3), (6, 5), (9, 6), (12, 3), (11, 5), (12, 5), (14, 2)] [(9, 1)] () True NORTHWEST
Ant1 34 9 1 [(8, 4), (9, 3), (6, 5), (9, 6), (12, 3), (11, 5), (12, 5), (14, 2)] [(8, 4)] (8, 4) False SOUTHWEST
Ant2 34 10 2 [(8, 4), (6, 5), (9, 3), (9, 6), (12, 3), (11, 5), (12, 5), (14, 2)] [(9, 1)] () True NORTH
Ant3 34 9 3 [(8, 4), (6, 5), (9, 3), (9, 6), (12, 3), (11, 5), (12, 5), (14, 2)] [(9, 1)] () True NORTHWEST
Ant5 34 9 2 [(10, 5), (8, 4), (6, 5), (9, 3), (9, 6), (12, 3), (11, 5), (12, 5), (14, 2)] [(10, 5)] (10, 5) False SOUTHEAST
Ant1 35 9 1 [(8, 4), (9, 3), (6, 5), (9, 6), (12, 3), (11, 5), (12, 5), (14, 2)] [(8, 4)] (8, 4) False SOUTHEAST
Ant3 35 9 3 [(8, 4), (9, 3), (6, 5), (9, 6), (12, 3), (11, 5), (12, 5), (14, 2)] [(9, 1)] () True NORTHEAST
Ant5 35 10 3 [(10, 5), (8, 4), (6, 5), (9, 3), (9, 6), (12, 3), (11, 5), (12, 5), (14, 2)] [(10, 5)] (10, 5) False SOUTHEAST
Ant4 35 11 3 [(8, 4), (6, 5), (9, 3), (9, 6), (12, 3), (11, 5), (12, 5), (14, 2)] [(9, 1)] () True NORTHWEST
Ant2 35 10 1 [(8, 4), (6, 5), (9, 3), (9, 6), (12, 3), (11, 5), (12, 5), (14, 2)] [(9, 1)] () True SOUTH
Ant1 36 9 1 [(8, 4), (9, 3), (6, 5), (9, 6), (12, 3), (11, 5), (12, 5), (14, 2)] [(8, 4)] (8, 4) False SOUTHWEST
Ant4 36 11 3 [(8, 4), (9, 3), (6, 5), (9, 6), (12, 3), (11, 5), (12, 5), (14, 2)] [(9, 1)] () True NORTHWEST
Ant3 36 9 3 [(8, 4), (6, 5), (9, 3), (9, 6), (12, 3), (11, 5), (12, 5), (14, 2)] [(9, 1)] () True NORTHEAST
False GET SOUTHWEST
Ant2 36 10 1 [(8, 4), (6, 5), (9, 3), (9, 6), (12, 3), (11, 5), (12, 5), (14, 2)] [(9, 1)] () True SOUTH
Ant1 37 8 2 [(8, 4), (9, 3), (6, 5), (9, 6), (12, 3), (11, 5), (12, 5), (14, 2)] [(8, 4)] (8, 4) False SOUTHWEST
Ant2 37 10 1 [(8, 4), (6, 5), (9, 3), (9, 6), (12, 3), (11, 5), (12, 5), (14, 2)] [(9, 1)] () True DROP WEST
Ant4 37 11 3 [(8, 4), (6, 5), (9, 3), (9, 6), (12, 3), (11, 5), (12, 5), (14, 2)] [(9, 1)] () True NORTHWEST
RTHWEST
Ant3 37 9 3 [(8, 4), (9, 3), (6, 5), (9, 6), (12, 3), (11, 5), (12, 5), (14, 2)] [(9, 3)] (9, 3) True SOUTHWEST
Ant1 38 7 3 [(10, 5), (8, 4), (9, 3), (6, 5), (9, 6), (12, 3), (11, 5), (12, 5), (14, 2)] [(8, 4)] (8, 4) False SOUTH
Ant3 38 8 4 [(10, 5), (8, 4), (6, 5), (9, 3), (9, 6), (12, 3), (11, 5), (12, 5), (14, 2)] [(9, 1)] () True NORTHEAST

Ant2 38 10 1 [(10, 5), (8, 4), (9, 3), (6, 5), (9, 6), (12, 3), (11, 5), (12, 5), (14, 2)] [(9, 3)] (9, 3) False SOUTHWEST
Ant2 39 10 1 [(10, 5), (8, 4), (9, 3), (6, 5), (9, 6), (12, 3), (11, 5), (12, 5), (14, 2)] [(10, 5)] (10, 5) False SOUTHWEST
Ant1 39 7 4 [(10, 5), (8, 4), (6, 5), (9, 3), (9, 6), (12, 3), (11, 5), (12, 5), (14, 2)] [(8, 4)] (8, 4) False GET EAST
Ant5 39 10 3 [(10, 5), (8, 4), (9, 3), (6, 5), (9, 6), (12, 3), (11, 5), (12, 5), (14, 2)] [(9, 1)] () True NORTHWEST
Ant4 39 10 2 [(10, 5), (8, 4), (9, 3), (6, 5), (9, 6), (12, 3), (11, 5), (12, 5), (14, 2)] [(11, 5)] (11, 5) False SOUTHEAST
Ant1 40 7 4 [(10, 5), (9, 3), (6, 5), (9, 6), (12, 3), (11, 5), (12, 5), (14, 2)] [(9, 1)] () True NORTHEAST
Ant2 40 10 1 [(10, 5), (8, 4), (9, 3), (6, 5), (9, 6), (12, 3), (11, 5), (12, 5), (14, 2)] [(9, 6)] (9, 6) False SOUTHWEST
Ant4 40 11 3 [(10, 5), (8, 4), (6, 5), (9, 3), (9, 6), (12, 3), (11, 5), (12, 5), (14, 2)] [(11, 5)] (11, 5) False SOUTH
Ant3 40 8 2 [(10, 5), (8, 4), (9, 3), (6, 5), (9, 6), (12, 3), (11, 5), (12, 5), (14, 2)] [(9, 1)] () True DROP NORTHEAST
Ant5 40 10 3 [(10, 5), (8, 4), (6, 5), (9, 3), (9, 6), (12, 3), (12, 5), (14, 2)] [(9, 1)] () True NORTHWEST
Ant5 41 10 3 [(10, 5), (8, 4), (9, 3), (6, 5), (9, 6), (12, 3), (12, 5), (14, 2)] [(9, 1)] () True NORTH
Ant2 41 10 1 [(10, 5), (8, 4), (9, 3), (6, 5), (9, 6), (12, 3), (12, 5), (14, 2)] [(10, 5)] (10, 5) FAnt4 41 11 4 [(10, 5), (8, 4), (6, 5), (9, 3), (9, 6), (12, 3), (11, 5), (12, 5), (14, 2)] [(11, 5)] (11, 5) False GET SOUTH
Ant3 41 8 2 [(10, 5), (8, 4), (6, 5), (9, 3), (9, 6), (12, 3), (12, 5), (14, 2)] [(8, 4)] (8, 4) False SOUTHWEST
Ant4 42 11 4 [(10, 5), (8, 4), (6, 5), (9, 3), (9, 6), (12, 3), (11, 5), (12, 5), (14, 2)] [(9, 1)] () True NORTH
Ant2 42 11 2 [(10, 5), (8, 4), (6, 5), (9, 3), (9, 6), (12, 3), (12, 5), (14, 2)] [(10, 5)] (10, 5) False SOUTHWEST
Ant3 42 7 3 [(10, 5), (6, 5), (9, 3), (9, 6), (12, 3), (12, 5), (14, 2)] [(9, 3)] (9, 3) False SOUTHEAST
RTHWEST
Ant1 43 9 2 [(10, 5), (8, 4), (6, 5), (9, 3), (9, 6), (12, 3), (11, 5), (12, 5), (14, 2)] [(11, 5)] (11, 5) False SOUTH
Ant4 43 11 3 [(10, 5), (8, 4), (9, 3), (6, 5), (9, 6), (12, 3), (11, 5), (12, 5), (14, 2)] [(9, 1)] () True NORTH
Ant3 43 8 4 [(10, 5), (8, 4), (9, 3), (6, 5), (9, 6), (12, 3), (11, 5), (12, 5), (14, 2)] [(9, 3)] (9, 3) False GET NORTHEAST
Ant5 43 10 2 [(10, 5), (8, 4), (9, 3), (6, 5), (9, 6), (12, 3), (11, 5), (12, 5), (14, 2)] [(12, 5)] (12, 5) False EAST

Ant3 44 8 4 [(10, 5), (8, 4), (9, 3), (6, 5), (9, 6), (12, 3), (11, 5), (14, 2)] [(9, 1)] () True NORTHWEST
Ant5 44 10 2 [(10, 5), (8, 4), (6, 5), (9, 3), (9, 6), (12, 3), (11, 5), (12, 5), (14, 2)] [(12, 5)] (12, 5) False SOUTH
Ant2 44 10 4 [(10, 5), (8, 4), (9, 3), (6, 5), (9, 6), (12, 3), (11, 5), (14, 2)] [(10, 5)] (10, 5) False GET SOUTH
Ant4 44 11 3 [(10, 5), (8, 4), (9, 3), (6, 5), (9, 6), (12, 3), (11, 5), (14, 2)] [(9, 1)] () True NORTH
Ant1 44 9 3 [(10, 5), (8, 4), (9, 3), (6, 5), (9, 6), (12, 3), (11, 5), (14, 2)] [(11, 5)] (11, 5) False EAST
Ant3 45 7 3 [(10, 5), (9, 3), (6, 5), (9, 6), (12, 3), (11, 5), (14, 2)] [(9, 1)] () True NORTHEAST
Ant4 45 11 2 [(10, 5), (8, 4), (6, 5), (9, 3), (9, 6), (12, 3), (11, 5), (14, 2)] [(9, 1)] () True NORTHWEST
alse SOUTHEAST
Ant2 45 10 4 [(10, 5), (8, 4), (9, 3), (6, 5), (9, 6), (12, 3), (11, 5), (14, 2)] [(9, 1)] () True NORTHEAST
Ant2 46 10 4 [(10, 5), (8, 4), (6, 5), (9, 6), (12, 3), (11, 5), (14, 2)] [(9, 1)] () True NORTHEAST
Ant1 46 10 3 [(10, 5), (8, 4), (6, 5), (9, 6), (12, 3), (11, 5), (14, 2)] [(11, 5)] (11, 5) False SOUTHEAST
Ant5 46 10 2 [(10, 5), (8, 4), (6, 5), (9, 6), (12, 3), (11, 5), (12, 5), (14, 2)] [(12, 5)] (12, 5) False SOUTH
Ant4 46 10 1 [(10, 5), (8, 4), (6, 5), (9, 3), (9, 6), (12, 3), (11, 5), (14, 2)] [(9, 1)] () True DROP WEST
Ant1 47 11 4 [(10, 5), (8, 4), (9, 3), (6, 5), (9, 6), (12, 3), (11, 5), (12, 5), (14, 2)] [(11, 5)] (11, 5) False GET SOUTH
Ant3 47 8 2 [(10, 5), (8, 4), (6, 5), (9, 6), (12, 3), (11, 5), (14, 2)] [(10, 5)] (10, 5) False SOUTHEAST
Ant2 47 11 3 [(10, 5), (8, 4), (6, 5), (9, 3), (9, 6), (12, 3), (11, 5), (14, 2)] [(9, 1)] () True NORTHWEST
Ant5 47 10 3 [(10, 5), (8, 4), (6, 5), (9, 6), (12, 3), (11, 5), (12, 5), (14, 2)] [(12, 5)] (12, 5) False SOUTH
Ant1 48 11 4 [(10, 5), (8, 4), (6, 5), (9, 3), (9, 6), (12, 3), (12, 5), (14, 2)] [(9, 1)] () True NORTHWEST
Ant4 48 11 2 [(10, 5), (8, 4), (9, 3), (6, 5), (9, 6), (12, 3), (11, 5), (14, 2)] [(12, 3)] (12, 3) False GET SOUTHEAST
Ant5 48 10 4 [(10, 5), (8, 4), (6, 5), (9, 3), (9, 6), (12, 5), (14, 2)] [(12, 5)] (12, 5) False SOUTHEAST
Ant2 48 10 2 [(10, 5), (8, 4), (6, 5), (9, 3), (9, 6), (12, 3), (11, 5), (14, 2)] [(9, 1)] () True DROP NORTHWEST
Ant3 48 9 3 [(10, 5), (9, 3), (6, 5), (9, 6), (12, 3), (11, 5), (14, 2)] [(10, 5)] (10, 5) False EAST
Ant1 49 11 4 [(10, 5), (8, 4), (9, 3), (6, 5), (9, 6), (12, 3), (11, 5), (12, 5), (14, 2)] [(9, 1)] () True NORTHWEST
Ant5 49 11 5 [(10, 5), (8, 4), (6, 5), (9, 3), (9, 6), (11, 5), (12, 5), (14, 2)] [(12, 5)] (12, 5) False GET EAST
Ant3 49 9 3 [(10, 5), (9, 3), (6, 5), (9, 6), (11, 5), (14, 2)] [(10, 5)] (10, 5) False SOUTHEAST
Ant4 49 11 2 [(10, 5), (8, 4), (6, 5), (9, 3), (9, 6), (12, 3), (11, 5), (14, 2)] [(9, 1)] () True NORTHWEST
Ant2 49 10 2 [(10, 5), (8, 4), (6, 5), (9, 3), (9, 6), (11, 5), (14, 2)] [(9, 6)] (9, 6) False SOUTH
Ant5 50 11 5 [(10, 5), (8, 4), (6, 5), (9, 3), (9, 6), (12, 3), (11, 5), (12, 5), (14, 2)] [(9, 1)] () True NORTHEAST
Ant3 50 10 4 [(10, 5), (8, 4), (6, 5), (9, 6), (12, 3), (11, 5), (14, 2)] [(10, 5)] (10, 5) False GET SOUTH
Ant1 50 11 4 [(10, 5), (8, 4), (6, 5), (9, 3), (9, 6), (12, 3), (11, 5), (12, 5), (14, 2)] [(9, 1)] () True NORTH
Ant4 50 10 1 [(10, 5), (8, 4), (6, 5), (9, 3), (9, 6), (12, 3), (11, 5), (14, 2)] [(9, 1)] () True DROP WEST
Ant4 51 10 1 [(10, 5), (8, 4), (6, 5), (9, 3), (9, 6), (12, 3), (11, 5), (12, 5), (14, 2)] [(12, 5)] (12, 5) False SOUTHWEST
Ant3 51 10 4 [(10, 5), (8, 4), (6, 5), (9, 6), (12, 3), (12, 5), (14, 2)] [(9, 1)] () True NORTH
Ant5 51 12 4 [(10, 5), (8, 4), (6, 5), (9, 3), (9, 6), (12, 3), (12, 5), (14, 2)] [(9, 1)] () True NORTHWEST
Ant2 51 10 2 [(10, 5), (8, 4), (6, 5), (9, 6), (12, 3), (11, 5), (12, 5), (14, 2)] [(9, 6)] (9, 6) False SOUTHEAST
Ant1 51 11 4 [(10, 5), (8, 4), (9, 3), (6, 5), (9, 6), (12, 3), (12, 5), (14, 2)] [(10, 5)] (10, 5) True DROP SOUTHWEST
Ant1 52 11 4 [(10, 5), (8, 4), (6, 5), (9, 3), (9, 6), (12, 3), (12, 5), (14, 2)] [(10, 5)] (10, 5) False GET SOUTHWEST
Ant2 52 10 2 [(10, 5), (8, 4), (6, 5), (9, 6), (12, 3), (11, 5), (12, 5), (14, 2)] [(6, 5)] (6, 5) False SOUTHWEST
Ant3 52 10 3 [(10, 5), (8, 4), (6, 5), (9, 6), (12, 3), (11, 5), (12, 5), (14, 2)] [(9, 1)] () True NORTHEAST
Ant5 52 12 4 [(10, 5), (8, 4), (6, 5), (9, 3), (9, 6), (12, 3), (12, 5), (14, 2)] [(9, 1)] () True NORTHWEST
Ant4 52 9 2 [(10, 5), (8, 4), (6, 5), (9, 6), (12, 3), (11, 5), (12, 5), (14, 2)] [(12, 5)] (12, 5) False SOUTH
Ant2 53 10 2 [(10, 5), (8, 4), (6, 5), (9, 6), (12, 3), (11, 5), (12, 5), (14, 2)] [(6, 5)] (6, 5) False SOUTHWEST
AST
Ant5 53 11 3 [(10, 5), (8, 4), (9, 3), (6, 5), (9, 6), (12, 3), (11, 5), (14, 2)] [(9, 1)] () True WEST
Ant3 53 11 2 [(10, 5), (8, 4), (9, 3), (6, 5), (9, 6), (12, 3), (11, 5), (12, 5), (14, 2)] [(9, 1)] () True NORTHWEST
Ant4 53 9 2 [(10, 5), (8, 4), (6, 5), (9, 6), (12, 3), (11, 5), (12, 5), (14, 2)] [(12, 5)] (12, 5) False SOUTHEAST
Ant4 54 9 2 [(10, 5), (8, 4), (6, 5), (9, 3), (9, 6), (12, 3), (11, 5), (12, 5), (14, 2)] [(12, 5)] (12, 5) False SOUTHEAST
Ant1 54 11 4 [(10, 5), (8, 4), (6, 5), (9, 3), (9, 6), (12, 3), (12, 5), (14, 2)] [(12, 3)] (12, 3) False GET NORTHEAST
Ant5 54 11 3 [(10, 5), (8, 4), (9, 3), (6, 5), (9, 6), (12, 3), (11, 5), (14, 2)] [(9, 1)] () True NORTHWEST
Ant2 55 8 3 [(10, 5), (6, 5), (9, 6), (12, 3), (11, 5), (14, 2)] [(6, 5)] (6, 5) False SOUTHWEST
Ant5 55 10 2 [(10, 5), (8, 4), (6, 5), (9, 6), (12, 3), (11, 5), (14, 2)] [(9, 1)] () True DROP NORTHWEST
Ant1 55 11 4 [(10, 5), (8, 4), (6, 5), (9, 3), (9, 6), (12, 3), (12, 5), (14, 2)] [(9, 3)] (9, 3) True WEST
Ant3 55 10 1 [(10, 5), (8, 4), (6, 5), (9, 3), (9, 6), (12, 3), (11, 5), (14, 2)] [(11, 5)] (11, 5) False SOUTHWEST
Ant4 55 10 3 [(10, 5), (8, 4), (6, 5), (9, 6), (12, 3), (11, 5), (12, 5), (14, 2)] [(12, 5)] (12, 5) False SOUTH
Ant1 56 11 4 [(10, 5), (8, 4), (6, 5), (9, 3), (9, 6), (12, 3), (12, 5), (14, 2)] [(6, 5)] (6, 5) True WEST
Ant2 56 7 4 [(10, 5), (9, 3), (6, 5), (9, 6), (12, 3), (11, 5), (14, 2)] [(6, 5)] (6, 5) False GET SOUTHWEST
Ant4 56 10 3 [(10, 5), (8, 4), (6, 5), (9, 6), (12, 3), (11, 5), (12, 5), (14, 2)] [(12, 5)] (12, 5) False EAST
Ant3 56 9 2 [(10, 5), (8, 4), (6, 5), (9, 6), (12, 3), (11, 5), (14, 2)] [(11, 5)] (11, 5) False SOUTH
Ant5 56 10 2 [(10, 5), (8, 4), (6, 5), (9, 6), (12, 3), (11, 5), (14, 2)] [(14, 2)] (14, 2) False NORTHEAST
Ant1 57 10 4 [(10, 5), (8, 4), (6, 5), (9, 3), (9, 6), (12, 3)] [(9, 1)] () True NORTH
Ant4 57 11 3 [(10, 5), (8, 4), (9, 3), (6, 5), (9, 6), (12, 3), (11, 5), (12, 5)] [(12, 5)] (12, 5) False SOUTHEAST
Ant2 57 7 4 [(10, 5), (6, 5), (9, 3), (9, 6), (12, 3), (11, 5)] [(9, 1)] () True NORTH
Ant5 57 11 1 [(10, 5), (8, 4), (6, 5), (9, 3), (9, 6), (12, 3), (11, 5), (14, 2)] [(14, 2)] (14, 2) False SOUTHEAST
Ant3 57 9 3 [(10, 5), (6, 5), (9, 3), (9, 6), (12, 3), (11, 5)] [(11, 5)] (11, 5) False EAST
Ant3 58 9 3 [(10, 5), (6, 5), (9, 3), (9, 6), (12, 3), (11, 5)] [(11, 5)] (11, 5) False EAST
Ant5 58 12 2 [(10, 5), (8, 4), (9, 3), (6, 5), (9, 6), (12, 3), (11, 5), (14, 2)] [(14, 2)] (14, 2) False EAST
Ant4 58 12 4 [(10, 5), (8, 4), (9, 3), (6, 5), (9, 6), (12, 3), (12, 5)] [(12, 5)] (12, 5) False GET SOUTH
Ant2 58 7 3 [(10, 5), (6, 5), (9, 3), (9, 6), (12, 3), (11, 5)] [(9, 1)] () True NORTHEAST
Ant1 59 11 3 [(10, 5), (8, 4), (6, 5), (9, 3), (9, 6), (12, 3), (11, 5)] [(9, 1)] () True NORTHWEST
Ant3 59 10 3 [(10, 5), (8, 4), (6, 5), (9, 6), (12, 3), (11, 5)] [(11, 5)] (11, 5) False SOUTH
Ant4 59 12 4 [(10, 5), (8, 4), (9, 3), (6, 5), (9, 6), (12, 3), (12, 5)] [(9, 1)] () True WEST

Ant5 59 13 2 [(10, 5), (8, 4), (9, 3), (6, 5), (9, 6), (12, 3), (14, 2)] [(14, 2)] (14, 2) False GET EAST
Ant1 60 10 2 [(10, 5), (8, 4), (6, 5), (9, 6), (12, 3), (12, 5)] [(9, 1)] () True DROP NORTHWEST
Ant3 60 10 4 [(10, 5), (8, 4), (6, 5), (9, 6), (12, 3), (12, 5)] [(9, 6)] (9, 6) False SOUTHWEST
Ant2 60 8 2 [(10, 5), (8, 4), (6, 5), (9, 6), (12, 3), (12, 5)] [(10, 5)] (10, 5) False SOUTHEAST
Ant5 60 13 2 [(10, 5), (8, 4), (9, 3), (6, 5), (9, 6), (12, 3), (12, 5), (14, 2)] [(9, 1)] () True WEST
Ant4 60 11 4 [(10, 5), (8, 4), (6, 5), (9, 3), (9, 6), (12, 3), (12, 5)] [(9, 1)] () True NORTHWEST
Ant1 61 10 2 [(10, 5), (8, 4), (9, 3), (6, 5), (9, 6), (12, 3), (12, 5), (14, 2)] [(8, 4)] (8, 4) False WEST
Ant4 61 10 3 [(10, 5), (8, 4), (6, 5), (9, 3), (9, 6), (12, 3), (12, 5), (14, 2)] [(9, 1)] () True NORTHWEST
Ant2 61 9 3 [(10, 5), (9, 3), (6, 5), (9, 6), (12, 3), (12, 5), (14, 2)] [(10, 5)] (10, 5) False SOUTHEAST
Ant3 61 9 5 [(10, 5), (9, 3), (6, 5), (9, 6), (12, 3), (12, 5), (14, 2)] [(9, 6)] (9, 6) False GET SOUTH
Ant5 61 12 2 [(10, 5), (8, 4), (6, 5), (9, 3), (9, 6), (12, 3), (12, 5), (14, 2)] [(9, 1)] () True WEST
Ant2 62 10 4 [(10, 5), (8, 4), (6, 5), (9, 6), (12, 3), (12, 5), (14, 2)] [(10, 5)] (10, 5) False GET SOUTH
Ant1 62 10 2 [(10, 5), (8, 4), (6, 5), (9, 6), (12, 3), (12, 5), (14, 2)] [(8, 4)] (8, 4) False SOUTHWEST
Ant3 62 9 5 [(10, 5), (9, 3), (6, 5), (9, 6), (12, 3), (12, 5), (14, 2)] [(9, 1)] () True NORTHWEST
Ant4 62 10 3 [(10, 5), (8, 4), (6, 5), (9, 6), (12, 3), (12, 5), (14, 2)] [(9, 1)] () True NORTHWEST
THWEST
Ant1 63 9 3 [(10, 5), (8, 4), (6, 5), (9, 3), (9, 6), (12, 3), (12, 5), (14, 2)] [(8, 4)] (8, 4) False WEST
Ant3 63 8 4 [(10, 5), (8, 4), (9, 3), (6, 5), (9, 6), (12, 3), (12, 5), (14, 2)] [(9, 1)] () True NORTH
Ant5 63 10 1 [(10, 5), (8, 4), (9, 3), (6, 5), (9, 6), (12, 3), (12, 5), (14, 2)] [(9, 1)] () True DROP WEST
Ant4 64 9 2 [(10, 5), (8, 4), (9, 3), (6, 5), (9, 6), (12, 3), (12, 5), (14, 2)] [(9, 6)] (9, 6) False SOUTHEAST
Ant3 64 8 4 [(10, 5), (8, 4), (9, 3), (6, 5), (9, 6), (12, 3), (12, 5), (14, 2)] [(9, 1)] () True NORTH
Ant1 64 9 3 [(10, 5), (8, 4), (6, 5), (9, 3), (9, 6), (12, 3), (12, 5), (14, 2)] [(8, 4)] (8, 4) False WEST
Ant2 64 11 3 [(10, 5), (8, 4), (6, 5), (9, 3), (9, 6), (12, 3), (12, 5), (14, 2)] [(9, 1)] () True NORTHWEST
Ant5 64 10 1 [(10, 5), (8, 4), (9, 3), (6, 5), (9, 6), (12, 3), (12, 5), (14, 2)] [(12, 3)] (12, 3) False SOUTHEAST
Ant5 65 11 2 [(10, 5), (8, 4), (6, 5), (9, 3), (12, 3), (12, 5), (14, 2)] [(12, 3)] (12, 3) False GET SOUTHEAST
Ant3 65 8 4 [(10, 5), (8, 4), (9, 3), (6, 5), (9, 6), (12, 5), (14, 2)] [(9, 1)] () True NORTH
Ant4 65 10 3 [(10, 5), (8, 4), (9, 3), (6, 5), (9, 6), (12, 5), (14, 2)] [(9, 6)] (9, 6) False SOUTH
Ant1 65 9 3 [(10, 5), (8, 4), (6, 5), (9, 3), (9, 6), (12, 5), (14, 2)] [(8, 4)] (8, 4) False WEST
Ant2 65 10 2 [(10, 5), (8, 4), (6, 5), (9, 3), (9, 6), (12, 5), (14, 2)] [(9, 1)] () True DROP NORTHWEST
Ant4 66 10 4 [(10, 5), (8, 4), (6, 5), (9, 3), (9, 6), (12, 5), (14, 2)] [(9, 6)] (9, 6) FalAnt5 66 11Ant2 66 10 2 [(10, 5), (8, 4), (6, 5), (9, 3), (12, 5), (14, 2)] [(10, 5)] (10, 5) False SOUTH
Ant3 66 8 4 [(10, 5), (8, 4), (9, 3), (6, 5), (12, 5), (14, 2)] [(9, 1)] () True NORTHWEST
Ant1 67 8 3 [(10, 5), (6, 5), (12, 3), (12, 5), (14, 2)] [(14, 2)] (14, 2) False EAST
Ant3 67 7 3 [(10, 5), (9, 3), (6, 5), (12, 3), (12, 5), (14, 2)] [(9, 1)] () True NORTHEAST
Ant2 67 10 3 [(10, 5), (8, 4), (6, 5), (12, 3), (12, 5), (14, 2)] [(10, 5)] (10, 5) False SOUTH
 False GET SOUTHWEST
Ant5 67 10 1 [(10, 5), (8, 4), (9, 3), (6, 5), (12, 3), (12, 5), (14, 2)] [(9, 1)] () True DROP WEST
Ant4 68 10 5 [(10, 5), (8, 4), (6, 5), (9, 3), (9, 6), (12, 3), (12, 5), (14, 2)] [(9, 1)] () True NORTHEAAnt2 68 10 4 [(10, 5), (8, 4), (6, 5), (9, 3), (12, 3), (12, 5), (14, 2)] [(10, 5)] (10, 5) FalAnt5 68 10 1 [(10, 5), (8, 4), (9, 3), (6, 5), (12, 3), (12, 5), (14, 2)] [(12, 5)] (12, 5) False SOUTHEAST
Ant2 69 9 5 [(10, 5), (6, 5), (9, 3), (9, 6), (12, 3), (14, 2)] [(10, 5)] (10, 5) False GET EAST
Ant4 69 11 4 [(10, 5), (8, 4), (9, 3), (6, 5), (9, 6), (12, 3), (12, 5), (14, 2)] [(9, 1)] () True NORTH
Ant3 69 8 2 [(10, 5), (8, 4), (6, 5), (9, 6), (12, 3), (14, 2)] [(6, 5)] (6, 5) False SOUTHWEST
Ant5 69 11 2 [(10, 5), (8, 4), (6, 5), (9, 3), (9, 6), (12, 3), (12, 5), (14, 2)] [(12, 5)] (12, 5) False SOUTHEAST
Ant1 70 10 3 [(10, 5), (8, 4), (6, 5), (9, 6), (12, 3), (14, 2)] [(14, 2)] (14, 2) False EAST
Ant3 70 7 3 [(10, 5), (6, 5), (9, 3), (9, 6), (12, 3), (14, 2)] [(6, 5)] (6, 5) False SOUTHWEST
Ant4 70 11 4 [(8, 4), (6, 5), (9, 3), (9, 6), (12, 3), (12, 5), (14, 2)] [(9, 1)] () True NORTH
Ant2 70 9 5 [(9, 3), (6, 5), (9, 6), (12, 3), (14, 2)] [(9, 1)] () True NORTHWEST
Ant5 70 12 3 [(10, 5), (8, 4), (9, 3), (6, 5), (9, 6), (12, 3), (12, 5), (14, 2)] [(12, 5)] (12, 5) False SOUTHEAST
Ant2 71 8 4 [(10, 5), (8, 4), (6, 5), (9, 6), (12, 3), (14, 2)] [(9, 1)] () True NORTHWEST
T
Ant3 71 6 4 [(10, 5), (8, 4), (6, 5), (9, 3), (9, 6), (5, 4), (12, 3), (14, 2)] [(6, 5)] (6, 5) False GET SOUTH
Ant4 71 11 4 [(8, 4), (9, 3), (6, 5), (9, 6), (12, 3), (12, 5), (14, 2)] [(9, 1)] () True NORTH
Ant5 71 13 4 [(10, 5), (8, 4), (9, 3), (6, 5), (9, 6), (12, 3), (12, 5), (14, 2)] [(12, 5)] (12, 5) False GET SOUTHWEST
Ant1 72 10 3 [(10, 5), (8, 4), (6, 5), (5, 4), (9, 6), (12, 3), (14, 2)] [(14, 2)] (14, 2) False NORTHEAST
Ant2 72 7 3 [(10, 5), (6, 5), (9, 3), (5, 4), (9, 6), (12, 3), (14, 2)] [(9, 1)] () True NORTHEAST
Ant4 72 11 4 [(8, 4), (6, 5), (9, 3), (5, 4), (9, 6), (12, 3), (14, 2)] [(9, 1)] () True NORTH
Ant3 72 6 4 [(10, 5), (8, 4), (6, 5), (9, 3), (9, 6), (5, 4), (12, 3), (14, 2)] [(9, 1)] () True NORTH
Ant5 72 13 4 [(10, 5), (8, 4), (6, 5), (9, 3), (5, 4), (9, 6), (12, 3), (14, 2)] [(9, 1)] () True NORTHWEST
Ant4 73 11 3 [(10, 5), (8, 4), (6, 5), (9, 3), (5, 4), (9, 6), (12, 3), (14, 2)] [(9, 1)] () True NORTHWEST
HEAST
Ant3 73 6 3 [(10, 5), (8, 4), (9, 3), (6, 5), (9, 6), (5, 4), (12, 3), (14, 2)] [(9, 1)] () True NORTHEAST
Ant5 73 12 3 [(10, 5), (8, 4), (6, 5), (9, 3), (5, 4), (9, 6), (12, 3), (14, 2)] [(9, 1)] () True SOUTH
Ant2 73 8 2 [(10, 5), (8, 4), (6, 5), (5, 4), (9, 6), (12, 3), (14, 2)] [(9, 1)] () True DROP NORTHEAST
Ant1 74 12 1 [(10, 5), (8, 4), (9, 3), (6, 5), (5, 4), (9, 6), (12, 3), (14, 2)] [(14, 2)] (14, 2) False EAST
Ant5 74 12 4 [(10, 5), (8, 4), (9, 3), (6, 5), (5, 4), (9, 6), (12, 3), (14, 2)] [(9, 1)] () True NORTHWEST
Ant4 74 10 2 [(10, 5), (8, 4), (6, 5), (5, 4), (9, 6), (12, 3), (14, 2)] [(9, 1)] () True DROP NORTHWEST
Ant3 74 7 2 [(10, 5), (8, 4), (9, 3), (6, 5), (9, 6), (5, 4), (12, 3), (14, 2)] [(9, 1)] () True NORTHEAST
Ant2 74 8 2 [(10, 5), (8, 4), (6, 5), (5, 4), (9, 6), (12, 3), (14, 2)] [(6, 5)] (6, 5) False SOUTH
Ant5 75 11 3 [(10, 5), (8, 4), (9, 3), (6, 5), (5, 4), (9, 6), (12, 3), (14, 2)] [(9, 1)] () True NORTH
Ant1 75 13 1 [(10, 5), (8, 4), (6, 5), (9, 3), (5, 4), (9, 6), (12, 3), (14, 2)] [(14, 2)] (14, 2) False GET SOUTHEAST
Ant2 75 8 3 [(10, 5), (6, 5), (5, 4), (9, 6), (12, 3), (14, 2)] [(6, 5)] (6, 5) False SOUTHWEST
Ant4 75 10 2 [(10, 5), (8, 4), (6, 5), (5, 4), (9, 6), (12, 3), (14, 2)] [(8, 4)] (8, 4) False SOUTHWEST
Ant3 75 8 1 [(10, 5), (8, 4), (6, 5), (9, 3), (5, 4), (9, 6), (12, 3), (14, 2)] [(9, 1)] () True DROP EAST
Ant1 76 13 1 [(10, 5), (8, 4), (9, 3), (6, 5), (5, 4), (9, 6), (12, 3)] [(9, 1)] () True WEST
Ant3 76 8 1 [(10, 5), (8, 4), (6, 5), (9, 3), (5, 4), (9, 6), (12, 3), (14, 2)] [(9, 6)] (9, 6) False SOUTHWEST
Ant2 76 7 4 [(10, 5), (6, 5), (9, 3), (5, 4), (9, 6), (12, 3), (14, 2)] [(6, 5)] (6, 5) False GET SOUTHWEST
Ant5 76 11 2 [(10, 5), (9, 3), (6, 5), (5, 4), (9, 6), (12, 3), (14, 2)] [(9, 1)] () True NORTHWEST
Ant4 76 9 3 [(10, 5), (6, 5), (9, 3), (5, 4), (9, 6), (12, 3), (14, 2)] [(10, 5)] (10, 5) False SOUTHEAST
Ant1 77 12 1 [(10, 5), (8, 4), (9, 3), (6, 5), (5, 4), (9, 6), (12, 3), (14, 2)] [(9, 1)] () True SOUTHWEST
Ant3 77 7 2 [(10, 5), (8, 4), (6, 5), (9, 3), (5, 4), (9, 6), (12, 3), (14, 2)] [(9, 6)] (9, 6) False SOUTHEAST
Ant2 77 7 4 [(10, 5), (9, 3), (5, 4), (9, 6), (12, 3), (14, 2)] [(9, 1)] () True NORTHEAST
Ant4 77 10 4 [(8, 4), (6, 5), (5, 4), (9, 6), (12, 3), (14, 2)] [(9, 6)] (9, 6) False SOUTH
 WEST
Ant5 78 10 1 [(10, 5), (8, 4), (6, 5), (9, 3), (5, 4), (12, 3), (14, 2)] [(5, 4)] (5, 4) False SOUTHWEST
Ant1 78 11 2 [(10, 5), (8, 4), (6, 5), (9, 3), (5, 4), (9, 6), (12, 3), (14, 2)] [(9, 1)] () True WEST
Ant2 78 7 4 [(10, 5), (9, 3), (5, 4), (9, 6), (12, 3), (14, 2)] [(9, 1)] () True NORTH
Ant3 78 7 2 [(10, 5), (8, 4), (6, 5), (9, 3), (5, 4), (9, 6), (12, 3), (14, 2)] [(9, 6)] (9, 6) False SOUTHWEST
Ant4 78 10 5 [(10, 5), (8, 4), (6, 5), (9, 3), (5, 4), (9, 6), (12, 3), (14, 2)] [(9, 6)] (9, 6) False GET SOUTHWEST
Ant1 79 10 2 [(10, 5), (8, 4), (6, 5), (12, 3), (14, 2)] [(9, 1)] () True DROP NORTHWEST
Ant5 79 9 2 [(10, 5), (8, 4), (6, 5), (5, 4), (12, 3), (14, 2)] [(5, 4)] (5, 4) False WEST
Ant3 79 6 3 [(10, 5), (8, 4), (9, 3), (6, 5), (5, 4), (12, 3), (14, 2)] [(8, 4)] (8, 4) False SOUTHEAST
Ant4 79 10 5 [(10, 5), (8, 4), (9, 3), (6, 5), (9, 6), (12, 3), (14, 2)] [(9, 1)] () True NORTH
Ant2 80 7 3 [(10, 5), (6, 5), (9, 3), (9, 6), (12, 3), (14, 2)] [(9, 1)] () True NORTHEAST
TH
Ant5 80 9 2 [(10, 5), (8, 4), (6, 5), (5, 4), (9, 6), (12, 3), (14, 2)] [(5, 4)] (5, 4) False NORTHWEST
Ant4 80 10 4 [(8, 4), (6, 5), (9, 6), (12, 3), (14, 2)] [(9, 1)] () True NORTHEAST
Ant3 80 7 4 [(10, 5), (9, 3), (9, 6), (12, 3), (14, 2)] [(9, 3)] (9, 3) False NORTHEAST
Ant1 81 10 3 [(10, 5), (8, 4), (6, 5), (9, 6), (12, 3), (14, 2)] [(10, 5)] (10, 5) False SOUTH
Ant2 81 8 2 [(10, 5), (8, 4), (6, 5), (9, 6), (12, 3), (14, 2)] [(9, 1)] () True DROP NORTHEAST
Ant3 81 8 3 [(10, 5), (6, 5), (9, 6), (12, 3), (14, 2)] [(9, 6)] (9, 6) False SOUTH
Ant4 81 11 3 [(10, 5), (8, 4), (6, 5), (9, 6), (12, 3), (14, 2)] [(9, 1)] () True NORTHWEST
Ant5 81 8 1 [(10, 5), (8, 4), (6, 5), (5, 4), (9, 6), (12, 3), (14, 2)] [(5, 4)] (5, 4) False SOUTHWEST
Ant5 82 7 2 [(10, 5), (8, 4), (6, 5), (5, 4), (9, 6), (12, 3), (14, 2)] [(5, 4)] (5, 4) False SOUTHWEST
Ant1 82 10 4 [(8, 4), (6, 5), (9, 6), (12, 3), (14, 2)] [(14, 2)] (14, 2) False SOUTHEAST
Ant3 82 8 4 [(10, 5), (8, 4), (6, 5), (9, 6), (12, 3), (14, 2)] [(9, 6)] (9, 6) False SOUTHEAST

Ant2 82 8 2 [(10, 5), (8, 4), (6, 5), (9, 6), (12, 3), (14, 2)] [(10, 5)] (10, 5) False SOUTHEAST
Ant1 83 11 5 [(8, 4), (6, 5), (9, 6), (12, 3), (14, 2)] [(14, 2)] (14, 2) False NORTHEAST
Ant3 83 9 5 [(12, 3), (9, 6), (14, 2), (6, 5)] [(9, 6)] (9, 6) False GET SOUTH
Ant5 83 6 3 [(10, 5), (8, 4), (6, 5), (5, 4), (9, 6), (12, 3), (14, 2)] [(5, 4)] (5, 4) False GET SOUTHWEST
Ant2 83 9 3 [(10, 5), (6, 5), (9, 6), (12, 3), (14, 2)] [(10, 5)] (10, 5) False SOUTHEAST
H
Ant3 84 9 5 [(12, 3), (9, 6), (14, 2), (6, 5)] [(9, 1)] () True NORTHWEST
Ant5 84 6 3 [(10, 5), (6, 5), (5, 4), (9, 6), (12, 3), (14, 2)] [(9, 1)] () True EAST
Ant2 84 10 4 [(8, 4), (6, 5), (9, 6), (12, 3), (14, 2)] [(9, 6)] (9, 6) False SOUTH
lse NORTHEAST
Ant4 84 10 3 [(10, 5), (8, 4), (6, 5), (9, 6), (12, 3), (14, 2)] [(8, 4)] (8, 4) False WEST
Ant2 85 10 5 [(10, 5), (6, 5), (5, 4), (9, 6), (12, 3), (14, 2)] [(9, 6)] (9, 6) False GET SOUTHWEST
Ant5 85 7 3 [(10, 5), (6, 5), (5, 4), (9, 6), (12, 3), (14, 2)] [(9, 1)] () True NORTHEAST
Ant4 85 9 3 [(10, 5), (8, 4), (6, 5), (9, 6), (5, 4), (12, 3), (14, 2)] [(8, 4)] (8, 4) False WEST
Ant1 85 13 3 [(10, 5), (6, 5), (5, 4), (9, 6), (12, 3)] [(5, 4)] (5, 4) False SOUTHWEST
Ant4 86 9 3 [(10, 5), (8, 4), (6, 5), (5, 4), (9, 6), (12, 3), (14, 2)] [(8, 4)] (8, 4) False WEST
Ant1 86 12 4 [(10, 5), (6, 5), (5, 4), (9, 6), (12, 3), (14, 2)] [(5, 4)] (5, 4) False WEST
Ant5 86 8 2 [(10, 5), (6, 5), (5, 4), (9, 6), (12, 3), (14, 2)] [(9, 1)] () True DROP NORTHEAST
Ant2 86 10 5 [(10, 5), (6, 5), (5, 4), (9, 6), (12, 3), (14, 2)] [(9, 1)] () True NORTHEAST
Ant3 86 8 4 [(10, 5), (6, 5), (5, 4), (9, 6), (12, 3), (14, 2)] [(9, 1)] () True NORTHWEST
Ant5 87 8 2 [(10, 5), (6, 5), (5, 4), (9, 6), (12, 3), (14, 2)] [(10, 5)] (10, 5) False SOUTHEAST
Ant4 87 8 3 [(10, 5), (6, 5), (5, 4), (9, 6), (12, 3), (14, 2)] [(12, 3)] (12, 3) False NORTHEAST
Ant3 87 7 3 [(10, 5), (6, 5), (5, 4), (9, 6), (12, 3), (14, 2)] [(9, 1)] () True NORTH
Ant1 87 12 4 [(10, 5), (6, 5), (5, 4), (9, 6), (12, 3), (14, 2)] [(5, 4)] (5, 4) False SOUTHWEST
Ant2 87 10 5 [(10, 5), (6, 5), (5, 4), (9, 6), (12, 3), (14, 2)] [(9, 1)] () True NORTH
Ant2 88 10 4 [(6, 5), (5, 4), (9, 6), (12, 3), (14, 2)] [(9, 1)] () True NORTH
Ant5 88 9 3 [(10, 5), (6, 5), (5, 4), (9, 6), (14, 2)] [(10, 5)] (10, 5) False EAST
Ant4 88 9 2 [(6, 5), (5, 4), (9, 6), (12, 3), (14, 2)] [(12, 3)] (12, 3) False NORTHEASTAnt3 88 7 2 [(6, 5), (5, 4), (9, 6), (12, 3), (14, 2)] [(9, 1)] () True NORTHEAST
Ant1 89 10 6 [(5, 4), (14, 2), (6, 5), (9, 6)] [(5, 4)] (5, 4) False NORTHWEST
Ant3 89 8 1 [(6, 5), (9, 6), (5, 4), (14, 2)] [(9, 1)] () True DROP EAST
Ant4 89 10 1 [(6, 5), (9, 6), (5, 4), (12, 3), (14, 2)] [(12, 3)] (12, 3) False SOUTHEAST
Ant2 89 10 4 [(6, 5), (9, 6), (5, 4), (14, 2)] [(9, 1)] () True NORTH
Ant5 89 9 3 [(10, 5), (6, 5), (5, 4), (9, 6), (14, 2)] [(10, 5)] (10, 5) False SOUTHWEST
Ant2 90 10 3 [(6, 5), (9, 6), (5, 4), (14, 2)] [(9, 1)] () True NORTH
T
HEAST
UTH
Ant4 90 11 2 [(6, 5), (9, 6), (5, 4), (12, 3), (14, 2)] [(12, 3)] (12, 3) False GET SOUTHEAST
Ant2 91 10 2 [(6, 5), (9, 6), (5, 4), (14, 2)] [(9, 1)] () True DROP NORTHWEST
Ant3 91 9 2 [(6, 5), (9, 6), (5, 4), (14, 2)] [(14, 2)] (14, 2) False SOUTHEAST
Ant5 91 8 4 [(10, 5), (6, 5), (5, 4), (9, 6), (14, 2)] [(10, 5)] (10, 5) False SOUTH
Ant1 91 9 5 [(5, 4), (14, 2), (6, 5), (9, 6)] [(5, 4)] (5, 4) False SOUTHWEST
Ant4 91 11 2 [(6, 5), (9, 6), (5, 4), (12, 3), (14, 2)] [(9, 1)] () True NORTHWEST
Ant5 92 8 5 [(10, 5), (6, 5), (5, 4), (9, 6), (12, 3), (14, 2)] [(10, 5)] (10, 5) False EAST
Ant1 92 8 6 [(6, 5), (5, 4), (9, 6), (12, 3), (14, 2)] [(5, 4)] (5, 4) False WEST
Ant2 92 10 2 [(6, 5), (9, 6), (5, 4), (12, 3), (14, 2)] [(14, 2)] (14, 2) False NORTHEAST
Ant3 92 10 3 [(6, 5), (9, 6), (5, 4), (12, 3), (14, 2)] [(14, 2)] (14, 2) False NORTHEAST
Ant5 93 9 5 [(6, 5), (5, 4), (9, 6), (12, 3), (14, 2)] [(9, 6)] (9, 6) False GET SOUTH
Ant2 93 11 1 [(6, 5), (9, 6), (5, 4), (12, 3), (14, 2)] [(14, 2)] (14, 2) False SOUTHEAST
Ant4 93 10 1 [(6, 5), (9, 6), (5, 4), (12, 3), (14, 2)] [(5, 4)] (5, 4) False SOUTHWEST
Ant3 93 11 2 [(6, 5), (9, 6), (5, 4), (12, 3), (14, 2)] [(14, 2)] (14, 2) False EAST
Ant1 94 6 5 [(12, 3), (5, 4), (14, 2), (6, 5)] [(5, 4)] (5, 4) False GET NORTHWEST
Ant3 94 11 2 [(12, 3), (5, 4), (14, 2), (6, 5)] [(14, 2)] (14, 2) False SOUTHEAST
Ant2 94 11 1 [(6, 5), (5, 4), (12, 3), (14, 2)] [(14, 2)] (14, 2) False EAST
Ant4 94 9 2 [(6, 5), (5, 4), (12, 3), (14, 2)] [(5, 4)] (5, 4) False SOUTHWEST
Ant5 94 9 5 [(12, 3), (9, 6), (14, 2), (6, 5)] [(9, 1)] () True NORTHEAST
Ant4 95 8 3 [(6, 5), (5, 4), (9, 6), (12, 3), (14, 2)] [(5, 4)] (5, 4) False WEST
Ant5 95 10 4 [(6, 5), (9, 6), (12, 3), (14, 2)] [(9, 1)] () True NORTH
Ant3 95 12 3 [(12, 3), (14, 2), (6, 5), (9, 6)] [(14, 2)] (14, 2) False EAST
Ant2 95 12 1 [(14, 2), (6, 5), (12, 3), (9, 6)] [(14, 2)] (14, 2) False SOUTHEAST
Ant1 96 6 4 [(9, 6), (5, 4), (12, 3), (14, 2)] [(9, 1)] () True NORTH
Ant3 96 13 3 [(9, 6), (6, 5), (12, 3)] [(12, 3)] (12, 3) False GET WEST
Ant4 96 7 3 [(6, 5), (5, 4), (9, 6), (12, 3), (14, 2)] [(5, 4)] (5, 4) False WEST
Ant2 96 13 2 [(9, 6), (6, 5), (12, 3)] [(6, 5)] (6, 5) False NORTHWEST
Ant5 96 10 3 [(6, 5), (9, 6), (12, 3), (14, 2)] [(9, 1)] () True NORTHWEST
Ant1 97 6 4 [(9, 6), (5, 4), (12, 3), (14, 2)] [(9, 1)] () True NORTH
Ant2 97 12 1 [(12, 3), (9, 6), (14, 2), (6, 5)] [(6, 5)] (6, 5) False WEST
Ant4 97 7 3 [(6, 5), (5, 4), (9, 6), (12, 3), (14, 2)] [(5, 4)] (5, 4) False WEST
Ant5 97 9 2 [(6, 5), (9, 6), (12, 3), (14, 2)] [(9, 1)] () True DROP NORTH
Ant1 98 6 4 [(9, 6), (5, 4), (12, 3), (14, 2)] [(9, 1)] () True NORTH
Ant5 98 9 2 [(6, 5), (9, 6), (12, 3), (14, 2)] [(12, 3)] (12, 3) False SOUTHEAST
Ant4 98 7 3 [(6, 5), (5, 4), (9, 6), (12, 3), (14, 2)] [(5, 4)] (5, 4) False WEST
Ant2 98 11 1 [(12, 3), (9, 6), (14, 2), (6, 5)] [(6, 5)] (6, 5) False SOUTHWEST
Ant2 99 10 2 [(9, 6), (14, 2), (6, 5)] [(6, 5)] (6, 5) False WEST
Ant3 99 11 2 [(12, 3), (9, 6), (14, 2), (6, 5)] [(9, 1)] () True NORTHWEST
Ant5 99 10 3 [(6, 5), (9, 6), (12, 3), (14, 2)] [(12, 3)] (12, 3) False EAST
Ant4 99 7 3 [(6, 5), (5, 4), (9, 6), (14, 2)] [(5, 4)] (5, 4) False WEST
Ant3 100 10 1 [(9, 6), (14, 2), (6, 5)] [(9, 1)] () True DROP WEST
Ant2 100 9 2 [(9, 6), (14, 2), (6, 5)] [(6, 5)] (6, 5) False SOUTHWEST
Ant4 100 7 3 [(6, 5), (5, 4), (9, 6), (14, 2)] [(5, 4)] (5, 4) False SOUTHWEST
Ant5 100 11 3 [(12, 3), (9, 6), (14, 2), (6, 5)] [(12, 3)] (12, 3) False GET EAST
Ant2 101 8 3 [(9, 6), (14, 2), (6, 5)] [(6, 5)] (6, 5) False SOUTHWEST
Ant1 101 6 4 [(9, 6), (5, 4), (14, 2)] [(5, 4)] (5, 4) False GET WEST
Ant3 101 10 1 [(9, 6), (14, 2), (6, 5)] [(9, 6)] (9, 6) False SOUTHWEST
Ant4 101 7 3 [(14, 2), (6, 5), (9, 6)] [(14, 2)] (14, 2) False SOUTHEAST
Ant4 102 8 4 [(14, 2), (6, 5), (9, 6)] [(14, 2)] (14, 2) False NORTHEASAnt2 102 7 4 [(9, 6), (14, 2)] [(9, 6)] (9, 6) False SOUTHEAST
Ant5 102 10 2 [(6, 5), (9, 6)] [(9, 1)] () True DROP NORTHWEST
THWEST
Ant1 103 6 4 [(5, 4), (9, 6)] [(5, 4)] (5, 4) False GET WEST
Ant2 103 8 5 [(9, 6), (6, 5)] [(9, 6)] (9, 6) False GET SOUTHEAST
Ant3 103 8 3 [(9, 6), (6, 5)] [(9, 6)] (9, 6) False SOUTH
Ant5 103 10 2 [(6, 5), (9, 6)] [(9, 6)] (9, 6) False SOUTH
Ant4 103 9 3 [(14, 2), (6, 5), (9, 6)] [(14, 2)] (14, 2) False EAST
Ant1 104 6 4 [(5, 4)] [(5, 4)] (5, 4) True DROP WEST
Ant2 104 8 5 [(9, 6), (6, 5)] [(9, 1)] () True NORTHWEST
Ant5 104 10 2 [(6, 5), (9, 6)] [(9, 6)] (9, 6) False SOUTHEAST
Ant3 104 8 4 [(6, 5)] [(6, 5)] (6, 5) False SOUTHWEST
Ant4 104 9 3 [(14, 2), (6, 5)] [(14, 2)] (14, 2) False SOUTHEAST
Ant3 105 7 5 [] [(18, 18)] (6, 5) False SOUTHEAST
alse SOUTHEAST
Ant1 105 6 4 [(5, 4)] [(5, 4)] (5, 4) False GET WEST
Ant5 105 11 3 [(9, 6), (6, 5)] [(9, 6)] (9, 6) False SOUTH
Ant2 105 7 4 [] [(18, 18)] () True SOUTHEAST
Ant3 106 8 6 [(9, 6), (6, 5)] [(18, 18)] (6, 5) False SOUTHEAST
nt2 106 8 5 [(9, 6), (6, 5)] [(9, 1)] () True NORTHWEST
Ant1 106 6 4 [(5, 4)] [(5, 4)] (5, 4) True DROP WEST
Ant2 107 7 4 [] [(18, 18)] () True SOUTH
Ant1 107 6 4 [(5, 4)] [(5, 4)] (5, 4) False GET WEST
Ant3 107 9 7 [(9, 6), (6, 5)] [(18, 18)] (6, 5) False SOUTHWEST
Ant4 107 12 4 [(14, 2), (6, 5)] [(14, 2)] (14, 2) False NORTHEAST
Ant5 107 10 5 [(9, 6), (6, 5)] [(9, 6)] (9, 6) False GET SOUTHWEST
Ant1 108 6 4 [(5, 4)] [(5, 4)] (5, 4) True DROP WEST
Ant3 108 8 8 [(8, 9), (6, 5)] [(18, 18)] (6, 5) False EAST
Ant2 108 7 5 [] [(18, 18)] () True SOUTHEAST
OUTHWEST
Ant5 108 10 5 [(6, 5)] [(9, 1)] () True NORTH
Ant2 109 8 6 [(8, 9), (6, 5)] [(9, 1)] () True NORTHEAST
Ant1 109 6 4 [(5, 4), (8, 9)] [(5, 4)] (5, 4) False GET WEST
Ant3 109 9 8 [(8, 9), (6, 5)] [(18, 18)] (6, 5) False SOUTHEAST
Ant4 109 12 4 [(8, 9), (6, 5)] [(6, 5)] (6, 5) False SOUTHWEST
Ant5 109 10 4 [(8, 9)] [(9, 1)] () True NORTH
Ant1 110 6 4 [(5, 4), (8, 9)] [(5, 4)] (5, 4) True DROP WEST
Ant3 110 10 9 [(8, 9), (11, 10)] [(8, 9)] (8, 9) False NORTHWEST
Ant2 110 9 5 [(8, 9)] [(9, 1)] () True NORTHWEST
Ant5 110 10 3 [(8, 9)] [(9, 1)] () True NORTH
Ant4 110 11 5 [(8, 9)] [(8, 9)] (8, 9) False SOUTH
Ant3 111 9 8 [(8, 9), (11, 10)] [(8, 9)] (8, 9) False GET SOUTHWEST
T
Ant4 111 11 6 [(8, 9), (11, 10)] [(8, 9)] (8, 9) False SOUTH
Ant5 111 10 2 [(11, 10)] [(9, 1)] () True DROP NORTHWEST
Ant2 111 8 4 [(8, 9), (11, 10)] [(9, 1)] () True NORTHEAST
Ant4 112 11 7 [(12, 8), (11, 10)] [(12, 8)] (12, 8) False GET SOUTHEAST
Ant3 112 9 8 [(8, 9), (11, 10)] [(9, 1)] () True NORTHWEST
Ant1 112 6 4 [(5, 4), (11, 10)] [(11, 10)] (11, 10) True SOUTH
Ant5 112 10 2 [(11, 10)] [(11, 10)] (11, 10) False SOUTHEAST
Ant3 113 8 7 [(5, 4), (8, 9)] [(9, 1)] () True NORTH
Ant2 113 8 2 [(5, 4), (8, 9)] [(9, 1)] () True DROP NORTHEAST
Ant5 113 11 3 [(5, 4), (8, 9), (11, 10)] [(11, 10)] (11, 10) False SOUTH
Ant4 113 11 7 [(5, 4), (8, 9), (12, 8)] [(9, 1)] () True NORTH
Ant1 114 6 4 [(5, 4), (8, 9), (12, 8)] [(9, 1)] () True NORTHEAST
Ant2 114 8 2 [(5, 4), (8, 9), (12, 8)] [(5, 4)] (5, 4) False WEST
Ant5 114 11 4 [(12, 8), (5, 4), (8, 9), (11, 10)] [(11, 10)] (11, 10) False SOUTH
Ant3 114 8 6 [(5, 4), (8, 9), (12, 8)] [(9, 1)] () True NORTH

Ant2 115 7 2 [(5, 4), (8, 9), (12, 8)] [(5, 4)] (5, 4) False SOUTHWEST
Ant1 115 7 3 [(5, 4), (8, 9), (12, 8)] [(9, 1)] () True NORTHEAST
Ant4 115 11 6 [(5, 4), (8, 9), (12, 8)] [(9, 1)] () True NORTHEAST
Ant5 115 11 4 [(12, 8), (5, 4), (8, 9), (11, 10)] [(11, 10)] (11, 10) False SOUTH
Ant3 115 8 5 [(5, 4), (8, 9), (12, 8)] [(9, 1)] () True NORTH
Ant5 116 11 5 [(12, 8), (5, 4), (8, 9), (11, 10)] [(11, 10)] (11, 10) False SOUTHEAST
Ant1 116 8 2 [(5, 4), (8, 9), (12, 8)] [(9, 1)] () True DROP NORTHEAST
Ant4 116 12 5 [(5, 4), (8, 9), (12, 8)] [(9, 1)] () True NORTH
Ant3 116 8 4 [(5, 4), (8, 9), (12, 8)] [(9, 1)] () True NORTHWEST
Ant2 116 6 3 [(5, 4), (8, 9), (12, 8)] [(5, 4)] (5, 4) False GET SOUTHWEST
Ant4 117 12 4 [(5, 4), (8, 9), (12, 8)] [(9, 1)] () True NORTHWAnt5 117 12 6 [(12, 8), (5, 4), (8, 9), (11, 10)] [(11, 10)] (11, 10) False SOUTHWEST
Ant2 117 6 3 [(8, 9), (12, 8)] [(9, 1)] () True NORTHEAST
lse SOUTH
Ant3 118 7 3 [(5, 4), (8, 9), (12, 8)] [(9, 1)] () True NORTHEAST
H
Ant4 118 11 3 [(5, 4), (8, 9), (12, 8)] [(9, 1)] () True NORTHWEST
Ant2 118 6 3 [(8, 9), (12, 8)] [(9, 1)] () True NORTHEAST
Ant5 118 11 7 [(11, 10), (5, 4), (8, 9), (12, 8)] [(11, 10)] (11, 10) False SOUTHEAST
Ant1 119 8 4 [(5, 4), (8, 9), (12, 8)] [(12, 8)] (12, 8) False SOUTHEAST
Ant3 119 8 2 [(5, 4), (8, 9), (12, 8)] [(9, 1)] () True DROP NORTHEAST
Ant2 119 7 2 [(5, 4), (8, 9), (12, 8)] [(9, 1)] () True NORTHEAST
Ant5 119 12 8 [(12, 8), (5, 4), (8, 9), (11, 10)] [(11, 10)] (11, 10) False SOUTHWEST
Ant4 119 10 2 [(5, 4), (8, 9), (12, 8)] [(9, 1)] () True DROP NORTHWEST
Ant5 120 11 9 [(12, 8), (5, 4), (8, 9), (11, 10)] [(11, 10)] (11, 10) False GET SOUTH
Ant1 120 9 5 [(5, 4), (8, 9), (12, 8)] [(12, 8)] (12, 8) False SOUTHEAST
Ant2 120 8 1 [(5, 4), (8, 9), (12, 8)] [(9, 1)] () True DROP EAST
Ant3 120 8 2 [(5, 4), (8, 9), (12, 8)] [(8, 9)] (8, 9) False SOUTH
Ant4 120 10 2 [(5, 4), (8, 9), (12, 8)] [(8, 9)] (8, 9) False SOUTH
Ant5 121 11 9 [(12, 8), (5, 4), (11, 10)] [(9, 1)] () True NORTHEAST
Ant3 121 8 3 [(5, 4), (8, 9), (12, 8)] [(8, 9)] (8, 9) False SOUTH

Ant2 121 8 1 [(5, 4), (8, 9), (12, 8)] [(8, 9)] (8, 9) False SOUTHEAST
Ant1 121 10 6 [(5, 4), (8, 9), (12, 8)] [(12, 8)] (12, 8) False SOUTHEAST
Ant1 122 11 7 [(11, 10), (5, 4), (12, 8)] [(12, 8)] (12, 8) False NORTHWEST
Ant4 122 10 4 [(11, 10), (5, 4), (12, 8)] [(5, 4)] (5, 4) False NORTHWEST
Ant5 122 12 8 [(12, 8), (5, 4), (11, 10)] [(9, 1)] () True EAST
SOUTHEAST
Ant2 122 9 2 [(11, 10), (5, 4), (12, 8)] [(11, 10)] (11, 10) False SOUTHWEST
Ant3 123 9 5 [(12, 8), (5, 4), (11, 10)] [(12, 8)] (12, 8) False EAST
EAST
Ant4 123 9 3 [(12, 8), (5, 4), (11, 10)] [(5, 4)] (5, 4) False NORTHWEST
Ant2 123 8 3 [(11, 10), (5, 4), (12, 8)] [(11, 10)] (11, 10) False SOUTH
Ant5 123 13 8 [(12, 8), (14, 9), (11, 10)] [(9, 1)] () True NORTHEAST
Ant2 124 8 4 [(11, 10), (14, 9), (12, 8)] [(11, 10)] (11, 10) False SOUTH
Ant1 124 11 7 [(12, 8), (14, 9), (11, 10)] [(12, 8)] (12, 8) False GET SOUTHEAST
Ant5 124 14 7 [(11, 10), (15, 6), (14, 9), (12, 8)] [(9, 1)] () True NORTHWEST
Ant4 124 8 2 [(12, 8), (5, 4), (14, 9), (11, 10)] [(5, 4)] (5, 4) False WEST
Ant1 125 11 7 [(12, 8), (15, 6), (14, 9), (11, 10)] [(9, 1)] () True NORTHWEST
Ant2 125 8 5 [(11, 10), (15, 6), (14, 9), (12, 8)] [(11, 10)] (11, 10) False SOUTHEAST
Ant3 125 11 6 [(12, 8), (15, 6), (14, 9), (11, 10)] [(12, 8)] (12, 8) False EAST
Ant5 125 13 6 [(11, 10), (15, 6), (14, 9), (12, 8)] [(9, 1)] () True NORTH
Ant4 125 7 2 [(11, 10), (5, 4), (15, 6), (14, 9), (12, 8)] [(5, 4)] (5, 4) False SOUTHWEST
Ant2 126 9 6 [(12, 8), (15, 6), (14, 9), (11, 10)] [(11, 10)] (11, 10) False SOUTHWEST
Ant3 126 12 6 [(12, 8), (15, 6), (14, 9), (11, 10)] [(12, 8)] (12, 8) False SOUTHWEST
Ant4 126 6 3 [(11, 10), (15, 6), (14, 9), (12, 8)] [(14, 9)] (14, 9) False SOUTHEAST
Ant5 126 13 5 [(11, 10), (15, 6), (14, 9), (12, 8)] [(9, 1)] () True NORTHWEST
Ant1 127 11 5 [(11, 10), (15, 6), (14, 9), (12, 8)] [(9, 1)] () True NORTHWEST

Ant3 127 11 7 [(11, 10), (15, 6), (14, 9), (12, 8)] [(12, 8)] (12, 8) False GET SOUTHEAST
Ant5 127 12 4 [(12, 8), (15, 6), (11, 10)] [(9, 1)] () True NORTHWEST
Ant1 128 10 4 [(11, 10), (15, 6), (12, 8)] [(9, 1)] () True NORTH
) False SOUTHEAST
Ant3 128 11 7 [(11, 10), (15, 6), (12, 8)] [(9, 1)] () True NORTHEAST
Ant2 128 9 8 [(12, 8), (8, 9), (15, 6), (11, 10)] [(11, 10)] (11, 10) False SOUTHEAST
Ant5 128 11 3 [(12, 8), (15, 6), (11, 10)] [(9, 1)] () True NORTHWEST
Ant1 129 10 3 [(12, 8), (8, 9), (11, 10), (15, 6)] [(9, 1)] () True NORTHWEST
Ant2 129 10 9 [(11, 10), (8, 9), (12, 8), (15, 6)] [(11, 10)] (11, 10) False GET SOUTHEAST
Ant4 129 9 5 [(11, 10), (8, 9), (14, 9), (15, 6), (12, 8)] [(14, 9)] (14, 9) False SOUTHEAST
Ant3 129 12 6 [(12, 8), (8, 9), (11, 10), (15, 6)] [(9, 1)] () True NORTHEAST
Ant5 129 10 2 [(11, 10), (8, 9), (15, 6), (12, 8)] [(9, 1)] () True DROP NORTHWEST
Ant4 130 10 6 [(11, 10), (8, 9), (14, 9), (15, 6), (12, 8)] [(14, 9)] (14, 9) FAnt5 130 10 2 [(11, 10), (8, 9), (15, 6), (12, 8)] [(8, 9)] (8, 9) False SOUTHWEST
Ant2 130 10 9 [(11, 10), (8, 9), (12, 8), (15, 6)] [(9, 1)] () True NORTHWEST
Ant5 131 9 3 [(11, 10), (8, 9), (15, 6), (12, 8)] [(8, 9)] (8, 9) False SOUTHEAST
Ant3 131 12 4 [(12, 8), (11, 10), (15, 6)] [(9, 1)] () True NORTHWEST
WEST
Ant2 131 9 8 [(11, 10), (8, 9), (15, 6), (12, 8)] [(9, 1)] () True NORTH
Ant4 131 11 7 [(12, 8), (15, 6), (14, 9), (11, 10)] [(14, 9)] (14, 9) False SOUTHEAST
Ant3 132 11 3 [(12, 8), (11, 10), (15, 6)] [(9, 1)] () True NORTHWEST
Ant5 132 10 4 [(11, 10), (8, 9), (15, 6), (12, 8)] [(8, 9)] (8, 9) False SOUTHWEST
Ant2 132 9 7 [(12, 8), (11, 10), (15, 6)] [(9, 1)] () True NORTHWEST
False SOUTHEAST
Ant1 132 8 3 [(12, 8), (11, 10), (15, 6)] [(12, 8)] (12, 8) False SOUTH
Ant1 133 8 4 [(12, 8), (15, 6), (11, 10)] [(12, 8)] (12, 8) False SOUTH
Ant4 133 13 9 [(11, 10), (15, 6), (14, 9), (12, 8)] [(14, 9)] (14, 9) False GET EAST
Ant2 133 8 6 [(12, 8), (15, 6), (11, 10)] [(9, 1)] () True NORTHWEST
Ant2 134 7 5 [(12, 8), (15, 6), (11, 10)] [(9, 1)] () True NORTHWEST
Ant4 134 13 9 [(11, 10), (15, 6), (14, 9), (12, 8)] [(9, 1)] () True NORTH
Ant1 134 8 5 [(12, 8), (15, 6), (11, 10)] [(12, 8)] (12, 8) False EAST
THWEST
Ant5 134 10 6 [(11, 10), (8, 9), (15, 6), (12, 8)] [(8, 9)] (8, 9) False SOUTHWEST
Ant1 135 9 5 [(11, 10), (15, 6), (14, 9), (12, 8)] [(12, 8)] (12, 8) False SOUTHEAST
Ant2 135 6 4 [(11, 10), (15, 6), (14, 9), (12, 8)] [(9, 1)] () True NORTHEAST
Ant5 135 9 7 [(11, 10), (8, 9), (14, 9), (15, 6), (12, 8)] [(8, 9)] (8, 9) False SOUTHWEST
Ant4 135 13 8 [(11, 10), (15, 6), (14, 9), (12, 8)] [(9, 1)] () True NORTHEAST
Ant3 135 9 3 [(11, 10), (15, 6), (14, 9), (12, 8)] [(11, 10)] (11, 10) False SOUTHEAST
Ant3 136 10 4 [(11, 10), (15, 6), (14, 9), (12, 8)] [(11, 10)] (11, 10) False SOUTHWESTAnt5 136 8 8 [(11, 10), (8, 9), (14, 9), (15, 6), (12, 8)] [(8, 9)] (8, 9) False GET SOUTH
Ant2 136 7 3 [(11, 10), (15, 6), (14, 9), (12, 8)] [(9, 1)] () True NORTHEAST
Ant4 136 14 7 [(12, 8), (15, 6), (14, 9), (11, 10)] [(9, 1)] () True NORTHWEST
Ant4 137 13 6 [(11, 10), (15, 6), (14, 9), (12, 8)] [(9, 1)] () True NORTH
GET SOUTHEAST
Ant2 137 8 2 [(11, 10), (15, 6), (14, 9), (12, 8)] [(9, 1)] () True DROP NORTHEAST
Ant3 137 9 5 [(11, 10), (15, 6), (14, 9), (12, 8)] [(11, 10)] (11, 10) False SOUTHWEST
Ant5 137 8 8 [(11, 10), (8, 9), (14, 9), (15, 6), (12, 8)] [(9, 1)] () True NORTHEAST
Ant2 138 8 2 [(11, 10), (8, 9), (15, 6), (14, 9), (12, 8)] [(8, 9)] (8, 9) False SOUTHEAST
Ant4 138 13 5 [(11, 10), (8, 9), (15, 6), (14, 9), (12, 8)] [(9, 1)] () True NORTHWEST
Ant3 138 8 6 [(11, 10), (8, 9), (15, 6), (14, 9), (12, 8)] [(11, 10)] (11, 10) False SOUTH
Ant1 138 11 7 [(11, 10), (8, 9), (14, 9), (15, 6), (12, 8)] [(9, 1)] () True NORTH
Ant5 138 9 7 [(11, 10), (8, 9), (14, 9), (15, 6), (12, 8)] [(9, 1)] () True NORTHEAST
Ant1 139 11 6 [(11, 10), (8, 9), (14, 9), (15, 6), (12, 8)] [(9, 1)] () True NORTH
Ant2 139 9 3 [(11, 10), (8, 9), (14, 9), (15, 6), (12, 8)] [(8, 9)] (8, 9) False SOUTHEAST
Ant3 139 8 7 [(11, 10), (8, 9), (14, 9), (15, 6), (12, 8)] [(11, 10)] (11, 10) False SOUTHEAST
Ant5 139 10 6 [(11, 10), (8, 9), (14, 9), (15, 6), (12, 8)] [(9, 1)] () True NORTHWEST
Ant4 139 12 4 [(11, 10), (8, 9), (14, 9), (15, 6), (12, 8)] [(9, 1)] () True NORTHWEST
Ant2 140 10 4 [(11, 10), (8, 9), (14, 9), (15, 6), (12, 8)] [(8, 9)] (8, 9) False SOUTH
Ant3 140 9 8 [(11, 10), (8, 9), (14, 9), (15, 6), (12, 8)] [(11, 10)] (11, 10) False SOUTHEAST
Ant1 140 11 5 [(11, 10), (8, 9), (14, 9), (15, 6), (12, 8)] [(9, 1)] () True NORTHEAST
Ant5 140 9 5 [(11, 10), (8, 9), (14, 9), (15, 6), (12, 8)] [(9, 1)] () True NORTHWEST

Ant1 141 12 4 [(11, 10), (8, 9), (14, 9), (15, 6), (12, 8)] [(9, 1)] () True NORTHWEST

Ant4 141 10 2 [(11, 10), (8, 9), (14, 9), (15, 6), (12, 8)] [(9, 1)] () True DROP NORTHWEST
Ant3 141 10 9 [(11, 10), (8, 9), (14, 9), (15, 6), (12, 8)] [(11, 10)] (11, 10) False GET SOUTHEAST
Ant5 141 8 4 [(11, 10), (8, 9), (14, 9), (15, 6), (12, 8)] [(9, 1)] () True NORTHEAST
Ant2 142 10 6 [(11, 10), (8, 9), (14, 9), (15, 6), (12, 8)] [(8, 9)] (8, 9) False SOUTHWEST
Ant1 142 11 3 [(11, 10), (8, 9), (14, 9), (15, 6), (12, 8)] [(9, 1)] () True NORTH
Ant5 142 9 3 [(11, 10), (8, 9), (14, 9), (15, 6), (12, 8)] [(9, 1)] () True NORTHWEST
Ant3 142 10 9 [(11, 10), (8, 9), (14, 9), (15, 6), (12, 8)] [(9, 1)] () True NORTHWEST
Ant4 142 10 2 [(11, 10), (8, 9), (14, 9), (15, 6), (12, 8)] [(14, 9)] (14, 9) False SOUTH
Ant2 143 9 7 [(11, 10), (8, 9), (14, 9), (15, 6), (12, 8)] [(8, 9)] (8, 9) False SOUTHWEST
Ant1 143 11 2 [(11, 10), (8, 9), (14, 9), (15, 6), (12, 8)] [(9, 1)] () True WEST
Ant3 143 9 8 [(11, 10), (8, 9), (14, 9), (15, 6), (12, 8)] [(9, 1)] () True NORTHWEST
Ant4 143 10 3 [(11, 10), (8, 9), (14, 9), (15, 6), (12, 8)] [(14, 9)] (14, 9) False SOUTHEAST
Ant5 143 8 2 [(11, 10), (8, 9), (15, 6), (12, 8)] [(9, 1)] () True DROP NORTHEAST
Ant3 144 8 7 [(12, 8), (8, 9), (11, 10), (15, 6)] [(9, 1)] () True NORTHEAST
WEST
Ant5 144 8 2 [(11, 10), (8, 9), (15, 6), (12, 8)] [(11, 10)] (11, 10) False SOUTH
Ant4 144 11 4 [(11, 10), (8, 9), (14, 9), (15, 6), (12, 8)] [(14, 9)] (14, 9) False SOUTHEAST
Ant5 145 8 3 [(11, 10), (8, 9), (15, 6), (12, 8)] [(11, 10)] (11, 10) False SOUTH
Ant1 145 10 2 [(12, 8), (8, 9), (15, 6)] [(8, 9)] (8, 9) False SOUTHWEST
Ant3 145 9 6 [(12, 8), (8, 9), (15, 6)] [(9, 1)] () True NORTHWEST
Ant4 145 12 5 [(8, 9), (14, 9), (15, 6), (12, 8)] [(14, 9)] (14, 9) False SOUTHEAST
Ant2 145 8 8 [(8, 9), (12, 8), (15, 6)] [(9, 1)] () True NORTH
Ant1 146 9 3 [(8, 9), (12, 8), (15, 6)] [(8, 9)] (8, 9) False SOUTHEAST
Ant4 146 13 6 [(8, 9), (14, 9), (15, 6), (12, 8)] [(14, 9)] (14, 9) False SOUTHEAST
Ant5 146 8 4 [(11, 10), (8, 9), (15, 6), (12, 8)] [(11, 10)] (11, 10) False SOUTHWEST
Ant2 146 8 7 [(8, 9), (12, 8), (15, 6)] [(9, 1)] () True NORTHEAST
Ant3 146 8 5 [(8, 9), (12, 8), (15, 6)] [(9, 1)] () True NORTHWEST
Ant2 147 9 6 [(8, 9), (12, 8), (15, 6)] [(9, 1)] () True NORTHWEST
Ant4 147 14 7 [(8, 9), (14, 9), (12, 8), (15, 6)] [(14, 9)] (14, 9) False SOUTHWEST
Ant1 147 10 4 [(8, 9), (12, 8), (15, 6)] [(8, 9)] (8, 9) False SOUTHWEST
e SOUTH
Ant3 147 7 4 [(8, 9), (12, 8), (15, 6)] [(9, 1)] () True NORTH
Ant2 148 8 5 [(8, 9), (12, 8), (15, 6)] [(9, 1)] () True NORTH
, 10) False SOUTHEAST
Ant4 148 13 8 [(8, 9), (14, 9), (12, 8), (15, 6)] [(14, 9)] (14, 9) False GET SOUTHEAST
Ant3 148 7 3 [(8, 9), (12, 8), (15, 6)] [(9, 1)] () True NORTHEAST
Ant1 148 9 5 [(8, 9), (12, 8), (15, 6)] [(8, 9)] (8, 9) False SOUTH
Ant4 149 13 8 [(8, 9), (14, 9), (12, 8), (15, 6)] [(9, 1)] () True NORTHEAnt2 149 8 4 [(8, 9), (12, 8), (15, 6)] [(9, 1)] () True NORTH
Ant1 149 9 6 [(8, 9), (12, 8), (15, 6)] [(8, 9)] (8, 9) False SOUTH
Ant5 149 8 7 [(11, 10), (8, 9), (15, 6), (12, 8)] [(11, 10)] (11, 10) False SOUTHEAST
Ant2 150 8 3 [(8, 9), (14, 9), (15, 6), (12, 8)] [(9, 1)] () True NORTHEAST
Ant4 150 14 7 [(8, 9), (14, 9), (12, 8), (15, 6)] [(9, 1)] () True NORTH
Ant5 150 9 8 [(11, 10), (8, 9), (14, 9), (15, 6), (12, 8)] [(11, 10)] (11, 10) False SOUTHEAST
Ant1 150 9 7 [(8, 9), (14, 9), (15, 6), (12, 8)] [(8, 9)] (8, 9) False SOUTHWEST
Ant3 150 8 2 [(8, 9), (14, 9), (15, 6), (12, 8)] [(15, 6)] (15, 6) False NORTHEAST
Ant1 151 8 8 [(8, 9), (14, 9), (12, 8), (15, 6)] [(8, 9)] (8, 9) False GET SOUTH
Ant2 151 9 2 [(8, 9), (14, 9), (15, 6), (12, 8)] [(9, 1)] () True NORTHEAST
Ant4 151 14 6 [(8, 9), (14, 9), (12, 8), (15, 6)] [(9, 1)] () True NORTHWEST
Ant3 151 9 1 [(8, 9), (14, 9), (15, 6), (12, 8)] [(15, 6)] (15, 6) False EAST
Ant5 151 10 9 [(11, 10), (8, 9), (14, 9), (15, 6), (12, 8)] [(11, 10)] (11, 10) False GET SOUTHEAST
Ant4 152 13 5 [(8, 9), (14, 9), (15, 6), (12, 8)] [(9, 1)] () True NORTHWEST
Ant3 152 9 1 [(8, 9), (14, 9), (15, 6), (12, 8)] [(15, 6)] (15, 6) False SOUTHEAST
Ant2 152 9 2 [(8, 9), (14, 9), (15, 6), (12, 8)] [(9, 1)] () True NORTHEAST
Ant1 152 8 8 [(8, 9), (14, 9), (12, 8), (15, 6)] [(9, 1)] () True NORTHEAST
Ant5 152 10 9 [(11, 10), (8, 9), (14, 9), (15, 6), (12, 8)] [(9, 1)] () True NORTHWEST
Ant4 153 12 4 [(11, 10), (8, 9), (14, 9), (15, 6), (12, 8)] [(9, 1)] () True NORTHWEST
Ant3 153 10 2 [(11, 10), (8, 9), (14, 9), (15, 6), (12, 8)] [(15, 6)] (15, 6) False SOUTHEAST
Ant5 153 9 8 [(11, 10), (8, 9), (14, 9), (15, 6), (12, 8)] [(9, 1)] () True NORTHWEST
Ant1 153 9 7 [(11, 10), (8, 9), (14, 9), (15, 6), (12, 8)] [(9, 1)] () True NORTH
Ant3 154 10 2 [(11, 10), (8, 9), (14, 9), (15, 6), (12, 8)] [(15, 6)] (15, 6) False EAST
Ant5 154 8 7 [(11, 10), (8, 9), (14, 9), (15, 6), (12, 8)] [(9, 1)] () True NORTH
Ant1 154 9 6 [(11, 10), (8, 9), (14, 9), (15, 6), (12, 8)] [(9, 1)] () True NORTHWEST
Ant4 154 12 4 [(11, 10), (8, 9), (14, 9), (15, 6), (12, 8)] [(9, 1)] () True NORTHWEST
Ant2 154 10 1 [(11, 10), (8, 9), (14, 9), (15, 6), (12, 8)] [(14, 9)] (14, 9) False SOUTHEAST
Ant1 155 8 5 [(11, 10), (8, 9), (14, 9), (15, 6), (12, 8)] [(9, 1)] () True NORTH
Ant4 155 11 3 [(11, 10), (8, 9), (14, 9), (15, 6), (12, 8)] [(9, 1)] () True WEST
Ant3 155 10 2 [(11, 10), (8, 9), (14, 9), (15, 6), (12, 8)] [(15, 6)] (15, 6) False EAST
Ant2 155 10 1 [(11, 10), (8, 9), (14, 9), (15, 6), (12, 8)] [(14, 9)] (14, 9) False SOUTHWEST
Ant2 156 9 2 [(11, 10), (8, 9), (14, 9), (15, 6), (12, 8)] [(14, 9)] (14, 9) False SOUTH
Ant3 156 11 2 [(11, 10), (8, 9), (14, 9), (15, 6), (12, 8)] [(15, 6)] (15, 6) False SOUTHEAST
Ant4 156 10 3 [(11, 10), (8, 9), (14, 9), (15, 6), (12, 8)] [(9, 1)] () True NORTH
Ant5 156 7 5 [(11, 10), (8, 9), (14, 9), (15, 6), (12, 8)] [(9, 1)] () True NORTHWEST
Ant1 156 8 4 [(11, 10), (8, 9), (14, 9), (15, 6), (12, 8)] [(9, 1)] () True NORTHEAST
Ant3 157 12 3 [(11, 10), (8, 9), (14, 9), (15, 6), (12, 8)] [(15, 6)] (15, 6) False SOUTHEAST
Ant5 157 6 4 [(11, 10), (8, 9), (14, 9), (15, 6), (12, 8)] [(9, 1)] () True NORTHEAST
Ant4 157 10 2 [(11, 10), (8, 9), (14, 9), (15, 6), (12, 8)] [(9, 1)] () True DROP NORTHWEST
Ant2 157 9 2 [(11, 10), (8, 9), (14, 9), (15, 6), (12, 8)] [(14, 9)] (14, 9) False SOUTH
Ant1 157 8 4 [(11, 10), (8, 9), (14, 9), (15, 6), (12, 8)] [(9, 1)] () True NORTHEAST
Ant1 158 8 4 [(11, 10), (8, 9), (14, 9), (15, 6), (12, 8)] [(9, 1)] () True NORTH
Ant3 158 13 4 [(11, 10), (8, 9), (14, 9), (15, 6), (12, 8)] [(15, 6)] (15, 6) False SOUTHEAST
Ant2 158 9 2 [(11, 10), (8, 9), (14, 9), (15, 6), (12, 8)] [(14, 9)] (14, 9) False SOUTHEAST
Ant4 158 10 2 [(11, 10), (8, 9), (14, 9), (15, 6), (12, 8)] [(12, 8)] (12, 8) False SOUTH
Ant5 158 7 3 [(11, 10), (8, 9), (14, 9), (15, 6), (12, 8)] [(9, 1)] () True NORTHEAST
Ant1 159 8 3 [(11, 10), (8, 9), (14, 9), (15, 6), (12, 8)] [(9, 1)] () True EAST
Ant2 159 9 2 [(11, 10), (8, 9), (14, 9), (15, 6), (12, 8)] [(14, 9)] (14, 9) False SOUTH
Ant4 159 10 2 [(11, 10), (8, 9), (14, 9), (15, 6), (12, 8)] [(12, 8)] (12, 8) False SOUTH
Ant5 159 8 2 [(11, 10), (8, 9), (14, 9), (15, 6)] [(9, 1)] () True DROP NORTHEAST
Ant3 159 14 5 [(11, 10), (8, 9), (14, 9), (15, 6), (12, 8)] [(15, 6)] (15, 6) False GET SOUTHEAST
Ant5 160 8 2 [(11, 10), (8, 9), (14, 9), (15, 6)] [(11, 10)] (11, 10) False SOUAnt4 160 10 3 [(11, 10), (8, 9), (14, 9), (15, 6), (12, 8)] [(12, 8)] (12, 8) False SOUTHEAST
Ant2 160 9 2 [(8, 9), (14, 9), (11, 10), (15, 6)] [(14, 9)] (14, 9) False SOUTH
Ant2 161 9 3 [(8, 9), (14, 9), (15, 6)] [(14, 9)] (14, 9) False SOUTHEAST
Ant5 161 7 3 [(11, 10), (8, 9), (14, 9), (15, 6)] [(11, 10)] (11, 10) False SOUTHEAST
Ant3 161 13 4 [(8, 9), (14, 9), (15, 6)] [(9, 1)] () True NORTHWEST
Ant1 161 7 2 [(8, 9), (14, 9), (15, 6)] [(9, 1)] () True EAST
Ant4 161 11 4 [(8, 9), (14, 9), (15, 6), (12, 8)] [(12, 8)] (12, 8) False SOUTH
Ant1 162 8 2 [(8, 9), (14, 9), (15, 6)] [(9, 1)] () True DROP NORTHEAST
Ant4 162 11 5 [(8, 9), (14, 9), (15, 6), (12, 8)] [(12, 8)] (12, 8) False SOUTHEAST
Ant3 162 12 3 [(8, 9), (14, 9), (15, 6)] [(9, 1)] () True NORTHWEST
Ant2 162 10 4 [(8, 9), (14, 9), (15, 6)] [(14, 9)] (14, 9) False SOUTH
Ant5 162 8 4 [(11, 10), (8, 9), (14, 9), (15, 6)] [(11, 10)] (11, 10) False SOUTH
Ant1 163 8 2 [(8, 9), (14, 9), (15, 6)] [(15, 6)] (15, 6) False SOUTHEAST
Ant2 163 10 5 [(8, 9), (14, 9), (15, 6)] [(14, 9)] (14, 9) False SOUTHEAST
Ant5 163 8 5 [(11, 10), (8, 9), (14, 9), (15, 6)] [(11, 10)] (11, 10) False SOUTHEAST
Ant4 163 12 6 [(8, 9), (14, 9), (15, 6), (12, 8)] [(12, 8)] (12, 8) False SOUTHWEST
Ant3 163 11 2 [(8, 9), (14, 9), (15, 6)] [(9, 1)] () True WEST
Ant5 164 9 6 [(11, 10), (8, 9), (14, 9), (15, 6)] [(11, 10)] (11, 10) False SOUTHWEST
Ant1 164 9 3 [(8, 9), (14, 9), (15, 6)] [(15, 6)] (15, 6) False EAST
Ant4 164 11 7 [(8, 9), (14, 9), (12, 8), (15, 6)] [(12, 8)] (12, 8) False GET SOUTHEAST
Ant2 164 11 6 [(8, 9), (14, 9), (15, 6)] [(14, 9)] (14, 9) False EAST
Ant3 164 10 2 [(8, 9), (14, 9), (15, 6)] [(9, 1)] () True DROP NORTHWEST
Ant3 165 10 2 [(8, 9), (14, 9), (15, 6)] [(8, 9)] (8, 9) False SOUTHEAST
Ant5 165 8 7 [(11, 10), (8, 9), (14, 9), (15, 6)] [(11, 10)] (11, 10) False SOUTHEAST
Ant1 165 10 3 [(8, 9), (14, 9), (15, 6)] [(15, 6)] (15, 6) False EAST
Ant4 165 11 7 [(8, 9), (14, 9), (12, 8), (15, 6)] [(9, 1)] () True NORTH
Ant2 166 13 6 [(8, 9), (14, 9), (15, 6), (12, 8)] [(14, 9)] (14, 9) False SOUTHEAST
Ant3 166 10 2 [(8, 9), (14, 9), (15, 6), (12, 8)] [(8, 9)] (8, 9) False SOUTHEAST
e SOUTHEAST
Ant4 166 11 6 [(8, 9), (15, 6), (14, 9), (12, 8)] [(9, 1)] () True NORTHEAST
Ant2 167 14 7 [(8, 9), (14, 9), (12, 8), (15, 6)] [(14, 9)] (14, 9) False SOUTHEAST
Ant5 167 10 9 [(11, 10), (8, 9), (14, 9), (15, 6), (12, 8)] [(11, 10)] (11, 10) False GET SOUTHEAST
Ant3 167 11 3 [(8, 9), (14, 9), (15, 6), (12, 8)] [(8, 9)] (8, 9) False SOUTHWEST
Ant4 167 12 5 [(8, 9), (15, 6), (14, 9), (12, 8)] [(9, 1)] () True NORTHWEST
Ant5 168 10 9 [(11, 10), (8, 9), (14, 9), (15, 6), (12, 8)] [(9, 1)] () True NORTHWEST
Ant2 168 15 8 [(8, 9), (14, 9), (12, 8), (15, 6)] [(14, 9)] (14, 9) False GET SOUTHWEST
Ant4 168 11 4 [(8, 9), (15, 6), (14, 9), (12, 8)] [(9, 1)] () True NORTH
Ant3 168 10 4 [(8, 9), (14, 9), (15, 6), (12, 8)] [(8, 9)] (8, 9) False SOUTH
Ant1 168 12 3 [(8, 9), (14, 9), (15, 6), (12, 8)] [(15, 6)] (15, 6) False SOUTHEAST
Ant5 169 9 8 [(11, 10), (8, 9), (14, 9), (15, 6), (12, 8)] [(9, 1)] () True NORTH
Ant1 169 13 4 [(11, 10), (8, 9), (14, 9), (15, 6), (12, 8)] [(15, 6)] (15, 6) False SOUTHEAST
Ant3 169 10 5 [(11, 10), (8, 9), (14, 9), (15, 6), (12, 8)] [(8, 9)] (8, 9) False SOUTHWEST
Ant2 169 15 8 [(11, 10), (8, 9), (14, 9), (15, 6), (12, 8)] [(9, 1)] () True NORTHWEST
Ant4 169 11 3 [(11, 10), (8, 9), (15, 6), (14, 9), (12, 8)] [(9, 1)] () True NORTHWEST
Ant1 170 14 5 [(11, 10), (8, 9), (14, 9), (15, 6), (12, 8)] [(15, 6)] (15, 6) False GET SOUTHEAST
Ant3 170 9 6 [(11, 10), (8, 9), (14, 9), (15, 6), (12, 8)] [(8, 9)] (8, 9) False SOUTHWEST
Ant2 170 14 7 [(11, 10), (8, 9), (14, 9), (15, 6), (12, 8)] [(9, 1)] () True NORTHWEST
Ant4 170 10 2 [(11, 10), (8, 9), (15, 6), (14, 9), (12, 8)] [(9, 1)] () True DROP NORTHWEST
Ant5 170 9 7 [(11, 10), (8, 9), (15, 6), (14, 9), (12, 8)] [(9, 1)] () True NORTHEAST
Ant1 171 14 5 [(11, 10), (8, 9), (14, 9), (15, 6), (12, 8)] [(9, 1)] () True WEST
Ant5 171 10 6 [(11, 10), (8, 9), (15, 6), (14, 9), (12, 8)] [(9, 1)] () True NORTH
Ant3 171 8 7 [(11, 10), (8, 9), (14, 9), (15, 6), (12, 8)] [(8, 9)] (8, 9) False SOUTH
Ant2 171 13 6 [(11, 10), (8, 9), (14, 9), (15, 6), (12, 8)] [(9, 1)] () True NORTH
SOUTHEAST
Ant1 172 14 5 [(11, 10), (8, 9), (14, 9), (15, 6), (12, 8)] [(9, 1)] () True NORTHWEST
Ant3 172 8 8 [(11, 10), (8, 9), (14, 9), (15, 6), (12, 8)] [(8, 9)] (8, 9) False GET SOUTH
Ant2 172 13 6 [(11, 10), (8, 9), (14, 9), (15, 6), (12, 8)] [(9, 1)] () True NORTH
Ant4 172 11 3 [(11, 10), (8, 9), (15, 6), (14, 9), (12, 8)] [(15, 6)] (15, 6) False SOUTHEAST
Ant5 172 10 5 [(11, 10), (8, 9), (14, 9), (12, 8)] [(9, 1)] () True NORTHEAST
Ant1 173 13 4 [(12, 8), (8, 9), (14, 9), (11, 10)] [(9, 1)] () True NORTHWEST
Ant3 173 8 8 [(11, 10), (8, 9), (14, 9), (12, 8)] [(9, 1)] () True NORTHWEST
Ant5 173 11 4 [(11, 10), (8, 9), (14, 9), (12, 8)] [(9, 1)] () True NORTH
Ant4 173 12 4 [(11, 10), (8, 9), (15, 6), (14, 9), (12, 8)] [(15, 6)] (15, 6) False NORTHEAST
Ant5 174 11 3 [(11, 10), (8, 9), (14, 9), (12, 8)] [(9, 1)] () True NORTHWEST
Ant4 174 13 3 [(11, 10), (8, 9), (14, 9), (15, 6), (12, 8)] [(15, 6)] (15, 6) False SOUTHEAST
Ant2 174 12 5 [(12, 8), (8, 9), (14, 9), (11, 10)] [(9, 1)] () True NORTH
Ant1 174 12 3 [(12, 8), (8, 9), (14, 9), (11, 10)] [(9, 1)] () True NORTHWEST
Ant3 174 7 7 [(12, 8), (8, 9), (14, 9), (11, 10)] [(9, 1)] () True NORTH
Ant1 175 11 2 [(12, 8), (8, 9), (14, 9), (11, 10)] [(9, 1)] () True NORTHWEST
Ant3 175 7 6 [(12, 8), (8, 9), (14, 9), (11, 10)] [(9, 1)] () True NORTHEAST
Ant4 175 14 4 [(11, 10), (8, 9), (14, 9), (15, 6), (12, 8)] [(15, 6)] (15, 6) False SOUTH
Ant2 175 12 4 [(12, 8), (8, 9), (14, 9), (11, 10)] [(9, 1)] () True NORTHWEST
EST
Ant1 176 10 1 [(12, 8), (8, 9), (14, 9), (11, 10)] [(9, 1)] () True DROP WEST
Ant3 176 8 5 [(12, 8), (8, 9), (14, 9), (11, 10)] [(9, 1)] () True NORTH
Ant2 176 11 3 [(12, 8), (8, 9), (14, 9), (11, 10)] [(9, 1)] () True WEST
Ant4 176 14 5 [(11, 10), (8, 9), (14, 9), (15, 6), (12, 8)] [(15, 6)] (15, 6) False GET SOUTHEAST
Ant5 176 10 2 [(11, 10), (8, 9), (14, 9), (12, 8)] [(11, 10)] (11, 10) False SOUTHWEST
Ant5 177 9 3 [(11, 10), (8, 9), (14, 9), (12, 8)] [(11, 10)] (11, 10) False SOUTHEAST
Ant2 177 10 3 [(12, 8), (8, 9), (14, 9)] [(9, 1)] () True NORTH
Ant3 177 8 4 [(12, 8), (8, 9), (14, 9)] [(9, 1)] () True NORTH
Ant4 177 14 5 [(8, 9), (14, 9), (12, 8)] [(9, 1)] () True NORTHWEST
Ant1 177 10 1 [(12, 8), (8, 9), (14, 9)] [(12, 8)] (12, 8) False SOUTHWEST
Ant1 178 9 2 [(8, 9), (14, 9), (12, 8)] [(12, 8)] (12, 8) False SOUTH
Ant3 178 8 3 [(8, 9), (14, 9), (12, 8)] [(9, 1)] () True NORTH
Ant5 178 10 4 [(12, 8), (8, 9), (14, 9), (11, 10)] [(11, 10)] (11, 10) False SOUTH
Ant4 178 13 4 [(8, 9), (14, 9), (12, 8)] [(9, 1)] () True WEST
ORTHWEST
Ant4 179 12 4 [(8, 9), (14, 9), (12, 8)] [(9, 1)] () True NORTHWEST
WEST
Ant3 179 8 2 [(8, 9), (14, 9), (12, 8)] [(9, 1)] () True DROP NORTHEAST
Ant2 179 10 2 [(8, 9), (14, 9), (12, 8)] [(14, 9)] (14, 9) False SOUTH
Ant5 179 10 5 [(12, 8), (8, 9), (14, 9), (11, 10)] [(11, 10)] (11, 10) False SOUTHEAST
Ant5 180 11 6 [(12, 8), (8, 9), (14, 9), (11, 10)] [(11, 10)] (11, 10) False SOUTH
Ant3 180 8 2 [(8, 9), (14, 9), (12, 8)] [(12, 8)] (12, 8) False SOUTHEAST
Ant1 180 8 4 [(8, 9), (14, 9), (12, 8)] [(12, 8)] (12, 8) False SOUTHEAST
Ant2 180 10 3 [(8, 9), (14, 9), (12, 8)] [(14, 9)] (14, 9) False SOUTHEAST
Ant4 181 10 2 [(8, 9), (14, 9), (12, 8)] [(9, 1)] () True DROP NORTHWEST

Ant5 181 11 7 [(11, 10), (8, 9), (14, 9), (12, 8)] [(11, 10)] (11, 10) False SOUTHEAST
Ant2 181 11 4 [(8, 9), (14, 9), (12, 8)] [(14, 9)] (14, 9) False SOUTHEAST
Ant3 181 9 3 [(8, 9), (14, 9), (12, 8)] [(12, 8)] (12, 8) False SOUTHEAST
Ant2 182 12 5 [(8, 9), (14, 9), (12, 8)] [(14, 9)] (14, 9) False SOUTHEAST
Ant3 182 10 4 [(8, 9), (14, 9), (12, 8)] [(12, 8)] (12, 8) False SOUTHEAST
Ant5 182 12 8 [(12, 8), (8, 9), (14, 9), (11, 10)] [(11, 10)] (11, 10) False SOUTHWEST
Ant4 182 10 2 [(12, 8), (8, 9), (14, 9)] [(8, 9)] (8, 9) False SOUTH
Ant3 183 11 5 [(8, 9), (14, 9), (12, 8)] [(12, 8)] (12, 8) False SOUTH
THEAST
Ant2 183 13 6 [(8, 9), (14, 9), (12, 8)] [(14, 9)] (14, 9) False SOUTHEAST
Ant4 183 10 3 [(8, 9), (14, 9), (12, 8)] [(8, 9)] (8, 9) False SOUTH
Ant5 183 11 9 [(12, 8), (14, 9), (11, 10)] [(11, 10)] (11, 10) False GET SOUTH
Ant1 184 11 7 [(14, 9)] [(9, 1)] () True NORTHWEST
Ant3 184 11 6 [(14, 9), (12, 8)] [(12, 8)] (12, 8) False EAST
Ant2 184 14 7 [(14, 9), (12, 8)] [(14, 9)] (14, 9) False SOUTH
Ant4 184 10 4 [(8, 9), (14, 9), (12, 8)] [(8, 9)] (8, 9) False SOUTH
Ant5 185 12 8 [(12, 8), (14, 9), (11, 10)] [(9, 1)] () True NORTHWEST
Ant1 185 10 6 [(11, 10), (14, 9), (12, 8)] [(9, 1)] () True NORTHEAST
Ant4 185 10 5 [(8, 9), (14, 9), (11, 10)] [(8, 9)] (8, 9) False SOUTHWEST
Ant2 185 14 8 [(12, 8), (14, 9), (11, 10)] [(14, 9)] (14, 9) False GET SOUTH
Ant3 185 12 6 [(11, 10), (14, 9), (12, 8)] [(12, 8)] (12, 8) False SOUTHWEST
Ant1 186 11 5 [(12, 8), (14, 9), (11, 10)] [(9, 1)] () True NORTHWEST
Ant3 186 12 6 [(11, 10), (14, 9), (12, 8)] [(12, 8)] (12, 8) False SOUTHWEST
Ant5 186 12 8 [(14, 9), (11, 10)] [(9, 1)] () True NORTHWEST
Ant2 186 14 8 [(11, 10), (14, 9), (12, 8)] [(9, 1)] () True NORTH
Ant4 186 9 6 [(12, 8), (8, 9), (14, 9), (11, 10)] [(8, 9)] (8, 9) False SOUTHWEST
Ant1 187 10 4 [(11, 10), (14, 9), (12, 8)] [(9, 1)] () True NORTHWEST
Ant3 187 12 6 [(11, 10), (14, 9), (12, 8)] [(12, 8)] (12, 8) False SOUTHWEST
Ant5 187 12 8 [(12, 8), (14, 9), (11, 10)] [(9, 1)] () True NORTHWEST
Ant2 187 14 7 [(11, 10), (14, 9), (12, 8)] [(9, 1)] () True NORTHWEST
T
Ant5 188 12 8 [(14, 9), (11, 10)] [(9, 1)] () True NORTHWEST
Ant2 188 13 6 [(12, 8), (14, 9), (11, 10)] [(9, 1)] () True NORTHWEST
Ant4 188 7 8 [(11, 10), (8, 9), (14, 9), (12, 8)] [(8, 9)] (8, 9) False GET SOUTHEAST
Ant3 188 12 6 [(11, 10), (14, 9), (12, 8)] [(12, 8)] (12, 8) False SOUTHWEST
Ant1 188 9 3 [(12, 8), (14, 9), (11, 10)] [(9, 1)] () True NORTHWEST
Ant1 189 8 2 [(11, 10), (14, 9), (12, 8)] [(9, 1)] () True DROP NORTHEAST
ST
Ant2 189 12 5 [(11, 10), (14, 9), (12, 8)] [(9, 1)] () True NORTHWEST
Ant3 189 12 6 [(11, 10), (14, 9), (12, 8)] [(11, 10)] (11, 10) False SOUTHWEST
Ant4 189 7 8 [(8, 9), (14, 9), (11, 10)] [(9, 1)] () True NORTH
Ant2 190 11 4 [(12, 8), (8, 9), (14, 9)] [(9, 1)] () True NORTHWEST
Ant3 190 11 7 [(8, 9), (14, 9)] [(8, 9)] (8, 9) False NORTHWEST
Ant1 190 8 2 [(12, 8), (8, 9), (14, 9)] [(14, 9)] (14, 9) False SOUTHEAST
Ant4 190 7 7 [(8, 9), (14, 9), (12, 8)] [(9, 1)] () True NORTHEAST
Ant5 190 11 9 [(8, 9), (14, 9), (11, 10)] [(9, 1)] () True NORTHEAST
Ant4 191 8 6 [(11, 10), (8, 9), (14, 9), (12, 8)] [(9, 1)] () True NORTH
Ant3 191 10 6 [(11, 10), (8, 9), (14, 9), (12, 8)] [(8, 9)] (8, 9) False SOUTHWEST
Ant2 191 10 3 [(11, 10), (8, 9), (14, 9), (12, 8)] [(9, 1)] () True NORTHWEST
Ant1 191 9 3 [(11, 10), (8, 9), (14, 9), (12, 8)] [(14, 9)] (14, 9) False SOUTHEAST
Ant1 192 10 4 [(11, 10), (8, 9), (14, 9), (12, 8)] [(14, 9)] (14, 9) False SOUTHEAST
Ant2 192 9 2 [(11, 10), (8, 9), (14, 9), (12, 8)] [(9, 1)] () True DROP NORTH
Ant5 192 11 7 [(11, 10), (8, 9), (14, 9)] [(9, 1)] () True NORTHWEST
Ant4 192 8 5 [(11, 10), (8, 9), (14, 9), (12, 8)] [(9, 1)] () True NORTH
Ant1 193 11 5 [(11, 10), (8, 9), (14, 9), (12, 8)] [(14, 9)] (14, 9) False SOUTHEAST
Ant4 193 8 4 [(11, 10), (8, 9), (14, 9), (12, 8)] [(9, 1)] () True NORTHEAST
Ant2 193 9 2 [(11, 10), (8, 9), (14, 9), (12, 8)] [(11, 10)] (11, 10) False SOUTHEAST
Ant5 193 10 6 [(11, 10), (8, 9), (14, 9), (12, 8)] [(9, 1)] () True NORTHWEST
Ant3 193 9 8 [(12, 8), (8, 9), (14, 9), (11, 10)] [(8, 9)] (8, 9) False GET SOUTHWEST
Ant1 194 12 6 [(11, 10), (8, 9), (14, 9), (12, 8)] [(14, 9)] (14, 9) False EAST
Ant4 194 9 3 [(12, 8), (8, 9), (14, 9), (11, 10)] [(9, 1)] () True NORTH
Ant3 194 9 8 [(12, 8), (14, 9), (11, 10)] [(9, 1)] () True NORTHWEST
Ant2 194 10 3 [(11, 10), (8, 9), (14, 9), (12, 8)] [(11, 10)] (11, 10) False SOUTH
Ant5 194 9 5 [(12, 8), (8, 9), (14, 9), (11, 10)] [(9, 1)] () True NORTHWEST
Ant3 195 8 7 [(12, 8), (8, 9), (14, 9), (11, 10)] [(9, 1)] () True NORTHWEST
THEAST
Ant4 195 9 2 [(12, 8), (8, 9), (14, 9), (11, 10)] [(9, 1)] () True DROP NORTH
Ant2 195 10 4 [(11, 10), (8, 9), (14, 9), (12, 8)] [(11, 10)] (11, 10) False SOUTHEAST
Ant5 195 8 4 [(12, 8), (8, 9), (14, 9), (11, 10)] [(9, 1)] () True NORTHEAST
Ant1 196 14 7 [(11, 10), (8, 9), (14, 9), (12, 8)] [(14, 9)] (14, 9) False SOUTHEAST
Ant4 196 9 2 [(12, 8), (8, 9), (14, 9), (11, 10)] [(11, 10)] (11, 10) False SOUTHWEST
Ant5 196 9 3 [(12, 8), (8, 9), (14, 9), (11, 10)] [(9, 1)] () True NORTHWEST
Ant3 196 7 6 [(12, 8), (8, 9), (14, 9), (11, 10)] [(9, 1)] () True NORTHEAST
Ant2 196 11 5 [(11, 10), (8, 9), (14, 9), (12, 8)] [(11, 10)] (11, 10) False SOUTH
Ant1 197 15 8 [(12, 8), (8, 9), (14, 9), (11, 10)] [(14, 9)] (14, 9) False GET SOUTHWEST
Ant3 197 8 5 [(11, 10), (8, 9), (14, 9), (12, 8)] [(9, 1)] () True NORTHWEST
Ant4 197 8 3 [(12, 8), (8, 9), (14, 9), (11, 10)] [(11, 10)] (11, 10) False SOUTH

Ant5 197 8 2 [(12, 8), (8, 9), (14, 9)] [(9, 1)] () True DROP NORTHEAST
Ant5 198 8 2 [(12, 8), (8, 9), (14, 9)] [(12, 8)] (12, 8) False SOUTH
Ant2 198 11 7 [(8, 9), (14, 9)] [(8, 9)] (8, 9) False NORTHWEST
Ant3 198 7 4 [(8, 9), (14, 9), (12, 8)] [(9, 1)] () True NORTH
Ant1 198 15 8 [(8, 9), (14, 9), (12, 8)] [(9, 1)] () True NORTHWEST
Ant4 198 8 4 [(12, 8), (8, 9), (14, 9), (11, 10)] [(11, 10)] (11, 10) False SOUTHEAST
Ant1 199 14 7 [(8, 9), (14, 9)] [(9, 1)] () True NORTHWEST
Ant2 199 10 6 [(8, 9), (14, 9)] [(8, 9)] (8, 9) False SOUTHWEST
Ant5 199 8 3 [(8, 9), (14, 9), (12, 8)] [(12, 8)] (12, 8) False SOUTH
Ant4 199 9 5 [(8, 9), (14, 9), (11, 10)] [(11, 10)] (11, 10) False SOUTH
Ant3 199 7 3 [(8, 9), (14, 9)] [(9, 1)] () True NORTHEAST
Ant3 200 8 2 [(8, 9), (14, 9)] [(9, 1)] () True DROP NORTHEAST
Ant1 200 13 6 [(8, 9), (14, 9)] [(9, 1)] () True NORTHWEST
Ant4 200 9 6 [(8, 9), (14, 9), (11, 10)] [(11, 10)] (11, 10) False SOUTHWEST
Ant2 200 9 7 [(8, 9), (14, 9)] [(8, 9)] (8, 9) False SOUTH
Ant5 200 8 4 [(8, 9), (14, 9), (12, 8)] [(12, 8)] (12, 8) False SOUTHEAST
